Telegram Scanner Results
========================================

Source: CC HITS 💸💎
Total results: 979
Timestamp: 2026-03-11 22:02:19

----------------------------------------

1. 5181160239244777|08|2033|846
2. 5181160340377417|08|2032|728
3. 4521084998348367|10|2028|241
4. 5178051839076542|05|2027|855
5. 4217835017164419|09|26|956
6. 5181168646490461|12|2027|498
7. 4266841629178433|04|29|870
8. 5181162841502436|01|2030|342
9. 4556028296558381|08|29|241
10. 5181167117831369|06|2031|959
11. 5424322339432309|12|2029|010
12. 4485471107202102|06|26|878
13. 4179030384330597|04|28|856
14. 4591560059453738|03|2026|076
15. 3743551279856999|10|2030|144
16. 5194693169724058|01|2028|705
17. 4121773726168121|05|2027|583
18. 5424322339029220|09|2031|533
19. 5181164051707481|06|2033|388
20. 5113406385337557|04|27|728
21. 4693080259990402|02|29|884
22. 4485394363814669|01|2028|759
23. 5181166229342273|07|2028|630
24. 4171654780881115|12|35|167
25. 5424322339173093|05|2029|581
26. 4117737011710281|12|2025|346
27. 5594330317384818|01|31|134
28. 5424322339919115|05|2031|986
29. 4693080405120094|10|28|614
30. 5181162517452999|08|2032|654
31. 4833120192449388|09|2029|157
32. 4000223321985517|03|29|317
33. 4190087716250377|07|26|471
34. 341263830871002|11|27|8866
35. 5594335589816520|12|2024|379
36. 5424322339247376|02|2030|572
37. 5424322339644598|02|2028|805
38. 5181164087790477|10|2033|985
39. 4179030292154550|04|26|227
40. 4365010002585719|02|26|663
41. 5283637773737562|02|28|079
42. 5181169289358924|03|2035|754
43. 5194695816743290|09|2029|569
44. 4143538665886304|05|2029|138
45. 4716082146991182|08|2030|712
46. 5424322339691417|02|2028|506
47. 4737024004422230|08|27|243
48. 5181166310911135|09|2026|884
49. 3743551279828265|06|25|4276
50. 341263576411005|01|28|4586
51. 5181168100836761|03|2033|226
52. 5181163649589906|11|2032|891
53. 5181162161199748|12|2029|166
54. 5181167264728426|12|2028|709
55. 4133310411821254|12|2026|817
56. 4632252056851897|02|2029|799
57. 5181164126466774|10|2027|124
58. 4833120192444710|09|29|290
59. 4133310411822427|12|2026|817
60. 4217836026783264|05|26|719
61. 4483870046367060|01|29|777
62. 4000223288064850|01|29|255
63. 5181160722584150|11|2026|368
64. 5310002275119121|04|2029|732
65. 5354561800240493|09|27|924
66. 4632252035462378|02|26|030
67. 4000223270268816|12|28|080
68. 5181160648993501|07|2031|524
69. 4902928846422203|07|27|780
70. 5181160706747062|07|2034|621
71. 5181163579642857|12|2035|380
72. 377285458463017|08|26|9632
73. 4262905100855258|02|2027|132
74. 3743551279818528|01|2031|390
75. 4929775889562739|02|2028|276
76. 5594336327586904|03|2026|148
77. 5181166257943398|03|2034|180
78. 3589837027228939|09|31|657
79. 4984081030077053|02|2028|655
80. 3714498167947701|08|2026|870
81. 341263378621009|01|28|904
82. 5338530818997742|08|26|963
83. 5526370993998096|07|2026|972
84. 4539795879805643|01|2033|890
85. 4262905100854988|05|2028|971
86. 371782181231006|10|26|1134
87. 5424322339320983|07|2031|806
88. 5181163328527805|09|2035|691
89. 4931000951716220|06|26|723
90. 5181168461185535|10|2028|652
91. 3743551279834467|06|2036|170
92. 4031632222044401|02|2026|203
93. 5181166944321131|01|2026|289
94. 4483870046366591|01|29|505
95. 5181165198040124|04|2030|662
96. 4177950045574568|03|28|033
97. 5424322339393436|07|2031|978
98. 5154620057239582|08|2034|395
99. 5181164807509397|01|2031|783
100. 5253620663150777|05|33|033
101. 5424322339811619|08|2029|419
102. 5181168128584708|05|2028|760
103. 4182120035930906|12|2026|779
104. 5321806562055898|01|29|079
105. 5181160785651755|06|2031|628
106. 5170900001333172|02|2026|715
107. 4133310411821916|12|2026|817
108. 5181162296543364|08|2031|926
109. 4262905100850242|07|2031|600
110. 5178053284015967|12|2034|695
111. 5594330317384818|01|2031|134
112. 4483870046363176|01|29|699
113. 5355310014537925|03|30|907
114. 371002300849855|09|26|4546
115. 4680056031385892|04|2025|703
116. 5181165217610006|03|2027|516
117. 4262905100853063|12|2026|477
118. 374355127983027|11|2031|8515
119. 5424322339323581|09|2031|224
120. 5156769789316180|10|2027|162
121. 5469970672579171|07|30|762
122. 4737026865996693|01|35|356
123. 5424322339492386|07|2029|752
124. 5256511000656377|11|29|924
125. 4154177275380105|06|26|735
126. 3743556028228962|04|34|3563
127. 𝟻𝟷𝟽𝟾𝟸𝟽𝟾𝟹𝟾𝟺𝟽𝟻𝟹𝟾𝟻𝟿|𝟷𝟶|𝟸𝟾|𝟸𝟼𝟿
128. 4165983411477086|02|2027|262
129. 4514011807488638|02|26|399
130. 5524903605014627|04|25|977
131. 5181163793456043|11|2031|273
132. 4539795893876521|02|2028|347
133. 5181163574606170|08|2027|759
134. 5194693011237283|07|28|900
135. 4147400390584843|05|28|373
136. 5521152702797802|09|2028|747
137. 5526370993998450|03|2029|318
138. 4842810731850638|08|2028|049
139. 4131737374002138|10|26|210
140. 4143533285792347|05|2029|875
141. 5181167024946409|08|2031|302
142. 4258816029034816|01|2025|327
143. 5594336406385210|03|2024|805
144. 3743551279813826|07|2030|193
145. 5338530818993998|08|26|616
146. 4029886027076018|02|2026|870
147. 5594330410156881|02|2030|883
148. 4118623454251240|03|27|184
149. 4031484600504360|05|28|338
150. 4340765000083526|03|28|014
151. 5459730023141119|12|28|900
152. 4519932132487190|11|2027|906
153. 4258817864932015|03|2028|646
154. 4591560059453738|03|26|076
155. 4363467013789452|08|28|129
156. 5424322339730561|12|2031|532
157. 4000223321989816|03|29|093
158. 5424322339621299|05|2031|609
159. 3743551279873303|09|26|8349
160. 3566701355129851|09|25|192
161. 341263305631006|12|27|485
162. 5424322339110418|09|2030|580
163. 5424322339651619|03|2028|600
164. 4060000012986757|12|27|052
165. 371777006142008|05|27|4933
166. 4483870046364349|01|29|476
167. 5510290126589745|02|2026|992
168. 5424322339961232|08|2030|975
169. 5181165586617749|09|2031|712
170. 5181167294004046|10|2036|487
171. 5354073614454666|12|2027|616
172. 4935310162533108|02|26|016
173. 4143535888538860|05|2029|187
174. 3743551279838120|04|2031|720
175. 4929868302080|08|2030|566
176. 4539795828671930|09|2024|752
177. 5424322339976446|05|2028|214
178. 4000223326115789|03|29|861
179. 4000223285496014|01|29|668
180. 5424322339219607|04|2030|301
181. 4262905100855811|10|2026|756
182. 5178059252707899|09|27|556
183. 5181163917870350|05|2027|926
184. 2233466704775798|12|30|647
185. 4862367197094693|04|2027|096
186. 5181164575482769|09|2026|638
187. 4147400256217348|02|29|081
188. 4154177591674322|07|26|165
189. 5181169984497282|11|2030|649
190. 5154620057237859|02|2032|113
191. 5338530818990275|08|26|268
192. 5181168290979272|11|2028|575
193. 5338530818990671|08|26|789
194. 4297716389253811|05|37|974
195. 5181162832460941|11|2033|136
196. 4232233163365504|12|2028|474
197. 4848100063193623|02|26|612
198. 4483870046360446|01|29|494
199. 5424322339005865|06|2029|380
200. 4966230235970263|10|27|157
201. 5594334544866100|11|2031|893
202. 5424322339625811|08|2029|723
203. 2221816398605038|01|2031|309
204. 5424181408759590|07|25|706
205. 5338530818993121|08|26|447
206. 5424322339399409|12|2029|221
207. 4207670223748115|03|27|089
208. 5424322339011590|06|2029|934
209. 5181168033539920|12|2034|901
210. 4532019505682855|02|2030|670
211. 5491862026471779|05|28|773
212. 5509890037503603|10|28|600
213. 4293137084392651|04|33|855
214. 4266851011643456|07|2029|138
215. 4200046418438019|10|2025|342
216. 5198437181314803|09|26|268
217. 4023480257862879|08|2027|552
218. 5181166124038471|10|2034|190
219. 5181160279496972|05|2036|218
220. 4112380094635342|04|28|595
221. 5181168291871007|03|2031|987
222. 5181160693852479|04|2034|869
223. 5181168172923935|08|2026|192
224. 5178051562483907|08|2028|626
225. 4262905100857759|01|2025|621
226. 4182120035930906|12|26|779
227. 4259585001658541|02|26|302
228. 4716117789363065|07|2029|226
229. 5526370993995803|11|2025|434
230. 4916198093327812|01|2027|696
231. 4147768579499748|06|27|473
232. 4266902072130949|02|26|839
233. 4258815904672831|06|2033|761
234. 6011660660282695|01|31|648
235. 5594336840669641|01|2026|483
236. 4095216617661707|02|27|055
237. 4693080497449468|01|27|877
238. 3528797474002811|06|2028|684
239. 5276336980199123|08|28|428
240. 4521053115535933|01|2026|116
241. 4491720001536912|02|26|859
242. 4154178063010367|06|26|402
243. 5526370993994293|03|2025|604
244. 4658858800735688|09|27|115
245. 5181169632155068|08|2032|775
246. 4111460690600550|07|2026|654
247. 5154620057238709|11|2032|396
248. 4319463869839090|05|30|835
249. 4737025449152526|04|32|531
250. 4483870046369025|01|29|677
251. 4169161439534529|01|2030|131
252. 5424322339220837|07|2030|572
253. 5424322339467354|05|2031|252
254. 4177490158226904|11|28|510
255. 4921590005630304|04|2027|450
256. 5526370993995480|03|2024|148
257. 4111460690655927|04|2026|512
258. 5178058023752218|05|28|714
259. 3743551279845828|11|2032|570
260. 4262905100853196|10|2028|186
261. 2720749558298599|02|2028|866
262. 5402563006277099|03|29|653
263. 5274970572911453|11|28|399
264. 5424322339712353|05|2028|470
265. 5181162944182854|08|2027|985
266. 4977834223740500|05|26|435
267. 4000223306577651|02|29|540
268. 376782378216054|09|2026|4264
269. 5555363033398918|01|27|948
270. 4147400388729103|05|28|589
271. 5181161872840582|07|2032|351
272. 4770372285620332|11|29|872
273. 4833120192444926|09|2029|908
274. 5181168222733060|07|2029|274
275. 4610460313166944|02|29|544
276. 5391725324618907|02|2025|697
277. 4403934401068114|01|2027|625
278. 5181164060365818|05|2035|500
279. 5126693755375391|11|29|843
280. 5424322339280674|04|2030|321
281. 4833120192446715|09|2029|906
282. 5354569109789375|10|2027|945
283. 5181160458888692|09|2029|149
284. 4628880202521331|07|29|018
285. 4737021212192007|06|34|731
286. 3743556436525609|07|31|9618
287. 4375990001158006|02|26|477
288. 4860117437395794|10|2029|734
289. 4147400398659001|12|2027|502
290. 5181162937627816|12|2029|904
291. 379156121131919|02|2027|1490
292. 4340762005156464|12|2027|391
293. 5181169477738333|10|2026|200
294. 5424322339851177|01|2030|682
295. 4693080404026714|12|27|648
296. 5256682105797075|11|2026|496
297. 5526370993992016|03|2029|501
298. 5424322339420817|09|2028|983
299. 4902920426528069|05|23|711
300. 5485140515480793|01|31|370
301. 4833120192444710|09|2029|290
302. 5181165854013936|05|2026|729
303. 3589959750946527|09|2026|713
304. 5295807132904658|12|2030|917
305. 376013702156000|02|2041|1220
306. 5181169520791347|12|2033|978
307. 5478290001483600|08|27|789
308. 4902921096107760|01|23|378
309. 5391720049335101|09|29|954
310. 5181161169626926|12|2033|421
311. 4388540065054016|10|29|651
312. 4000223286403274|01|29|625
313. 5378120000086545|03|32|538
314. 4000223300225265|02|29|429
315. 3743551279876550|01|25|5984
316. 3743551279816951|02|2035|759
317. 5379920038879111|06|2028|417
318. 5424322339077781|11|2030|034
319. 5181164864941202|06|2028|826
320. 4262905100850432|07|2033|495
321. 3743559234720751|08|30|2500
322. 5181168577430973|07|2032|132
323. 5181161092953827|11|2026|135
324. 5181168445577260|10|2036|307
325. 4143532559467248|05|2029|036
326. 4593840078065350|01|28|387
327. 5370850001319937|01|2030|066
328. 4617729016249162|08|27|268
329. 5276336980199123|08|2028|428
330. 𝟻𝟷𝟽𝟾𝟸𝟽𝟿𝟺𝟺𝟽𝟾𝟽𝟾𝟺𝟸𝟽|𝟶𝟻|𝟸𝟿|𝟹𝟿𝟸
331. 5181160659475737|04|2031|642
332. 4147202499078614|02|2026|978
333. 5210690249274195|12|2026|476
334. 341263416051003|11|27|9769
335. 4842810830416661|12|2027|230
336. 5424322339256856|10|2030|571
337. 4557015861937198|07|2030|334
338. 4147769208202867|11|27|445
339. 4539795869320587|08|2029|504
340. 5181169772196963|07|2026|432
341. 2234606284907514|09|29|396
342. 5391723264097158|04|2029|338
343. 2221793908186058|02|2029|511
344. 4833120192446590|09|2029|970
345. 376782795841260|05|2032|2729
346. 5194692013849756|01|2032|273
347. 5181162646895779|08|2032|880
348. 379586076536003|10|29|0834
349. 4147768692625674|11|27|970
350. 5328395700293283|02|2028|935
351. 5181168376633058|10|2026|698
352. 5181163062054271|08|2030|412
353. 4143537280160343|05|2029|083
354. 5181165369301479|08|2031|720
355. 4744810081228079|03|28|796
356. 4000223300740834|02|29|984
357. 5239620000365004|03|2028|360
358. 5188401475869023|07|2029|992
359. 4770370602545984|05|28|815
360. 5336539710956245|08|2026|625
361. 5528695747127602|03|28|936
362. 5181168701545811|03|2026|565
363. 4283322101794442|03|2028|014
364. 5521154005080886|06|29|972
365. 5256011335297542|03|29|650
366. 5181165109138785|07|2031|981
367. 5132574620102537|03|27|338
368. 5181168104725978|07|2031|369
369. 4485775168877762|03|2028|612
370. 370788776175004|02|27|1651
371. 5181165818355092|02|2026|128
372. 5424322339958014|11|2030|643
373. 5181168045889818|10|2030|837
374. 5498250004291182|08|26|468
375. 5424322339039583|01|2028|964
376. 3743556463140822|12|30|5148
377. 5594336611369389|11|2025|530
378. 6011639514966513|12|2027|236
379. 4532389262872|09|2026|799
380. 5491862025808476|05|28|812
381. 3743551279870289|09|2028|474
382. 4856310015323793|03|26|161
383. 5594335117275702|04|2024|582
384. 4111460690643972|08|2027|864
385. 5526370993994152|03|2031|532
386. 3743551279866428|03|2028|398
387. 371776790331009|04|27|6120
388. 5181162286683717|05|2034|762
389. 4770379612976394|01|32|486
390. 5181167048867847|04|2026|845
391. 4239100007842886|08|26|507
392. 5181166533502109|04|2035|670
393. 5594334542208479|11|2028|650
394. 4258816401231808|11|30|422
395. 5362577102604053|09|29|626
396. 5524903605017991|09|29|317
397. 5287502560741389|12|31|723
398. 4258819305861472|04|2027|624
399. 4258818914075326|01|2029|441
400. 5162922963505050|10|31|782
401. 4000220522214093|07|26|718
402. 5181168472089387|04|2036|454
403. 5178052730841695|11|2025|656
404. 4088325015128232|03|2026|508
405. 5594330542088259|05|2031|328
406. 4902921000461396|06|23|299
407. 4833120192449339|09|2029|913
408. 372804352907153|11|30|8106
409. 5349614021251720|07|2027|128
410. 4677851518006077|01|2027|690
411. 5213061000368526|10|30|987
412. 4902929792692720|08|28|351
413. 2613869320846531|11|2030|569
414. 5194699347501862|01|2035|767
415. 3743551279859953|08|29|1233
416. 4632252037565319|08|2026|630
417. 4297716389253811|05|2037|974
418. 4258816401231808|11|2030|422
419. 4024007187923197|12|2027|525
420. 377388648141004|05|27|9202
421. 5424322339408424|12|2030|688
422. 5391723562984107|11|2029|817
423. 5524903605015056|05|25|164
424. 5181161322812637|08|2030|395
425. 3743551279890375|12|25|1810
426. 𝟻𝟷𝟽𝟾𝟸𝟽𝟽𝟶𝟶𝟺𝟿𝟽𝟶𝟾𝟻𝟼|𝟶𝟼|𝟸𝟽|𝟷𝟽𝟷
427. 5181161583672555|06|2036|604
428. 4388540101563533|11|29|772
429. 4833120192449834|09|2029|715
430. 4384214101300270|05|30|462
431. 5491862022380859|12|26|456
432. 5181166551285819|06|2027|358
433. 5424322339210861|06|2028|031
434. 4867966944947478|07|2030|306
435. 4539795814286057|07|2032|956
436. 4833120192440296|09|2029|647
437. 4833120192446103|09|2029|726
438. 4641279973421453|02|28|361
439. 𝟻𝟷𝟽𝟾𝟸𝟽𝟽𝟿𝟷𝟷𝟽𝟾𝟽𝟺𝟾𝟸|𝟷𝟷|𝟸𝟽|𝟿𝟸𝟶
440. 3566704898298763|10|25|162
441. 4258814729310685|06|2027|425
442. 4693080254048792|09|27|312
443. 5181164777444641|08|2026|887
444. 5194698963017542|01|2031|230
445. 4133310411820876|12|2026|817
446. 5181165485711973|04|2035|614
447. 5181165786098195|11|2034|386
448. 5181167853833587|07|2034|868
449. 5194694059831672|01|2024|308
450. 4258816370429185|11|2028|157
451. 5332480601842752|08|2024|625
452. 4539795817063925|01|2028|499
453. 4342570057615958|11|27|430
454. 5181164078219742|01|2032|200
455. 4565982031619263|07|2027|841
456. 5181161387010457|09|2027|498
457. 5491862029126842|12|2028|429
458. 4182120035997673|12|2027|779
459. 4147768581450606|09|28|716
460. 4111460690667484|05|2030|842
461. 4147203731341091|11|30|000
462. 3566704799213186|02|26|782
463. 5181169299362726|10|2031|380
464. 5181168415338982|12|2035|718
465. 4512970114121558|04|2028|863
466. 4902923882064229|03|23|761
467. 4770378937929937|09|33|162
468. 341279340752169|09|2029|4677
469. 5524091100243141|09|29|237
470. 3566700057269685|09|27|761
471. 4046012013071215|09|27|617
472. 5402565001234355|01|31|795
473. 4860117437395794|10|29|734
474. 4539892674964434|03|2029|723
475. 4373034103401949|02|2027|950
476. 4547605574209936|02|2028|457
477. 377388648141004|05|2027|9202
478. 5424322339060910|06|2031|078
479. 4556875206326741|03|26|165
480. 4758330028998034|02|2028|090
481. 3566701382482712|02|25|199
482. 5402565000207949|10|29|331
483. 5181168900242608|03|2027|992
484. 4258815984267130|11|2033|955
485. 4132521041976463|10|2027|952
486. 5181163511294106|03|2036|927
487. 5491862025842483|05|28|416
488. 5181162453137034|02|2033|459
489. 4737022769623932|03|34|708
490. 2234606284907514|09|2029|396
491. 5181163398589974|08|2030|960
492. 5594332942260827|07|2026|816
493. 4133310411823490|12|2026|817
494. 4628450043267898|11|2026|490
495. 5239351001677946|08|30|990
496. 5181165494053219|06|2034|581
497. 4000223284563897|01|29|251
498. 4737027113097766|02|32|235
499. 5181168473540867|10|2030|199
500. 4833120192446194|09|2029|871
501. 5181167138628646|03|2027|210
502. 4207672387034969|11|30|206
503. 5181162179661317|08|2036|492
504. 6011014329369974|02|26|037
505. 4632252044240732|04|2028|023
506. 3743551279891061|03|2028|955
507. 4263983955952172|06|2026|845
508. 5469970151042923|10|30|731
509. 4133310411823359|12|2026|817
510. 372559437363000|10|26|2667
511. 4269304115579280|03|2030|125
512. 5424322339645116|12|2030|443
513. 5488093701092152|02|2028|966
514. 4833120192449453|09|2029|719
515. 5351776491251418|02|26|231
516. 5181164707950287|12|2029|618
517. 5203539135376805|10|2026|098
518. 5526370993990176|10|2026|970
519. 5524903605017740|04|26|619
520. 5119230282300318|05|33|201
521. 2344337441829857|05|2029|853
522. 5181164623129115|02|2027|341
523. 4293137084392651|04|2033|855
524. 5424322339647633|01|2030|393
525. 4483870046363846|01|29|360
526. 4377660102128657|08|2028|860
527. 5181161817099914|06|2031|387
528. 4591566555453288|10|2029|850
529. 3566706234170012|06|29|549
530. 5391724631827905|12|2028|445
531. 4133310411825750|12|2026|817
532. 4133310411821130|12|2034|426
533. 5524903605011041|01|27|637
534. 5181161188239545|04|2029|881
535. 5213061000215206|07|30|805
536. 4177490152042083|02|26|286
537. 4111460690634575|12|32|769
538. 4533046845624650|09|26|724
539. 4485847146989165|10|2030|924
540. 5181166520714931|06|2033|961
541. 4293130700548624|03|27|898
542. 4916176098300745|12|2026|563
543. 4185865242924533|07|27|233
544. 4000223280476771|01|29|960
545. 5181164755428210|12|2034|873
546. 4737028057446192|12|34|775
547. 3743551141587776|08|34|1935
548. 5424322339896321|01|2031|786
549. 4147203731341091|11|2030|000
550. 5178053092675481|10|2031|332
551. 5338530818991513|08|26|949
552. 4617729004383635|01|28|968
553. 5424322339454832|09|2028|385
554. 5181166391616983|11|29|353
555. 4322650265532908|11|2025|509
556. 5424322339648060|12|2031|044
557. 3743551279855306|01|2027|515
558. 371774052542009|03|27|0529
559. 4047956790777551|07|29|713
560. 5424322339655883|01|2030|193
561. 5338530818993881|08|26|119
562. 5391728391740562|06|2032|289
563. 4111460690668482|02|2027|654
564. 5524903603161002|02|26|925
565. 5181166391616983|11|2029|353
566. 5181166146038038|09|2027|293
567. 4000223293442687|01|29|941
568. 5181160856686755|01|2032|819
569. 4770370262051858|12|33|105
570. 5295807136420859|06|2028|265
571. 4833130046454161|09|2028|150
572. 4265011200772217|11|2027|203
573. 5181167806135791|09|2034|873
574. 4133310411828721|12|2026|817
575. 3743556745471661|08|33|9570
576. 5181168316624993|07|2027|886
577. 5181164437426426|06|2034|450
578. 5181164329291334|08|2031|658
579. 4833120192447580|09|2029|565
580. 4232230262780005|12|26|711
581. 4151580339386765|06|28|972
582. 5134671254507714|07|28|084
583. 5491862017675032|07|26|557
584. 5464194770431137|03|28|893
585. 5194690381279465|12|2034|694
586. 371777710881008|01|26|0757
587. 4147808565061472|03|26|751
588. 5424322339852027|11|2029|678
589. 4143538838820248|05|2029|983
590. 4737027276174605|04|26|298
591. 5181167702154607|12|2034|891
592. 5181161805814688|11|2029|664
593. 5594330004690063|09|27|363
594. 5391722917430568|10|2028|229
595. 3743551279853851|02|25|5286
596. 2720749558298599|02|28|866
597. 376782715629803|10|2024|7943
598. 5424322339904638|04|2030|444
599. 5335160080818054|10|26|139
600. 𝟻𝟷𝟽𝟾𝟸𝟽𝟸𝟾𝟶𝟺𝟸𝟾𝟹𝟺𝟷𝟺|𝟶𝟺|𝟹𝟷|𝟺𝟼𝟻
601. 5533975264791813|02|2041|720
602. 5181164454557764|12|2036|940
603. 5424322339756178|07|2030|985
604. 4693080495187623|01|2030|418
605. 5181169515317173|02|2033|455
606. 4900490969524871|06|27|295
607. 5181160894591702|07|2035|295
608. 5579100351064074|04|27|678
609. 4154178665916771|07|27|807
610. 4632252035371686|02|26|789
611. 4147768577969874|03|27|516
612. 4388540078598710|08|30|865
613. 5194699204683175|10|2026|173
614. 4262905100855019|11|2025|456
615. 4262905100859805|01|2032|934
616. 3743551279886978|10|25|3514
617. 5424322339189479|05|2029|195
618. 4059986074341290|07|26|306
619. 4000223310209416|02|29|769
620. 4154644406963844|03|26|051
621. 4532687104537|05|2026|611
622. 5295809871324650|06|2029|527
623. 4770376207637565|06|32|723
624. 5424322339165008|04|2030|724
625. 5181168267489917|05|2033|601
626. 4556780639754891|08|2026|120
627. 4143534646816205|05|2029|405
628. 4593840132639992|10|31|760
629. 5143773578086851|04|26|254
630. 4088215623162675|02|26|658
631. 5181160831094638|02|2033|359
632. 5181167172683051|11|2032|644
633. 5181162187325681|03|2035|368
634. 4147202565901392|09|27|477
635. 4833120192442656|09|2029|182
636. 4483870046368571|01|29|347
637. 5424322339005584|09|2030|644
638. 4539795830524879|08|2025|140
639. 4384213004485378|03|30|172
640. 5524903605019757|01|25|424
641. 4574310205088900|07|30|538
642. 5113629904872735|04|33|168
643. 5521154010639486|11|27|248
644. 4283322085243713|02|26|203
645. 5424322339970035|04|2029|613
646. 4088325015128232|03|26|508
647. 5463167655379226|01|2027|370
648. 5491862017408095|07|26|473
649. 5181166281857788|11|2036|330
650. 5524903605014636|04|27|751
651. 5131623314748468|03|28|016
652. 4358806853247500|06|27|508
653. 5424322339674967|06|2030|400
654. 5181161159989755|08|2035|161
655. 4556875206326741|03|2026|165
656. 4483870046368704|01|29|745
657. 379831912891000|08|26|6694
658. 5424322339733771|11|2031|254
659. 4110791609451219|05|2027|211
660. 5178059445969596|02|2027|990
661. 4154179584045494|12|25|566
662. 4430410099700513|02|2026|758
663. 4833120192444215|09|2029|636
664. 3566700734865357|08|25|980
665. 5181165843213266|11|2026|102
666. 4100390693083251|05|28|432
667. 5424322339156130|03|2030|553
668. 371775365601002|05|27|8761
669. 4147400388693911|05|28|386
670. 4521045962257587|08|2026|465
671. 5424322339018140|08|2028|247
672. 5181168443270652|02|2034|679
673. 5594334927248389|02|2027|421
674. 5154620057206912|06|2033|221
675. 5181169062569929|05|2030|288
676. 4659432433829836|09|27|052
677. 5194693214698075|12|2031|543
678. 5181165305791791|11|2027|326
679. 5424322339626322|11|2028|949
680. 5341837608013829|06|28|370
681. 3743558207051613|02|35|2904
682. 5181169942575823|06|2035|796
683. 4133310411825743|02|2029|236
684. 5524903605013726|01|29|252
685. 4182120035997673|12|27|779
686. 4000223278691175|01|29|163
687. 4483870046367516|01|29|859
688. 5424322339082864|04|2031|713
689. 376782470158329|09|2029|3272
690. 4677853513191714|08|28|544
691. 4262905100859904|07|2024|482
692. 5181166209001584|03|2034|733
693. 4122910516380008|05|2027|620
694. 5594339499022195|11|2026|781
695. 4262905100858377|10|2026|148
696. 5269110106169818|01|30|292
697. 4916474016486153|01|2031|224
698. 3566708518392580|11|29|156
699. 5424322339719747|08|2028|431
700. 4017957251349068|08|2028|377
701. 5424322339481355|09|2030|096
702. 5181169352871118|03|2030|170
703. 5424322339202355|10|2028|653
704. 5181162249740257|02|2029|351
705. 2320982749922587|12|2030|334
706. 4202310092659664|03|27|053
707. 4833120192446251|09|2029|522
708. 4828120016922708|11|28|020
709. 5594338709482876|11|2025|231
710. 3743551279806948|03|27|5104
711. 5251235844273968|01|2026|724
712. 5194690007451357|10|27|520
713. 5181168466784142|05|2026|287
714. 4388576150851759|02|2027|723
715. 5424322339666849|06|2031|205
716. 5181168605174247|11|2035|364
717. 3743551279841025|05|2028|169
718. 5502098820971824|05|29|855
719. 4238960300115178|02|27|800
720. 4151210427545599|11|33|049
721. 4133310411827269|03|2025|691
722. 5526370993992560|08|2034|425
723. 4833120192444058|09|2029|332
724. 4258817634591208|12|2034|738
725. 5338530818995522|08|26|893
726. 5181168243719072|04|2035|518
727. 4539795847205983|09|2029|946
728. 5181165339068059|05|2035|986
729. 4716134810677|02|29|653
730. 5158153835460326|08|35|696
731. 376782695471283|04|2025|9592
732. 5154620057209148|06|2029|817
733. 4262905100857882|07|2024|670
734. 5594334374049694|04|2024|951
735. 5181162603569813|02|2028|222
736. 5181167919009081|08|2031|956
737. 5181166272084954|04|2035|203
738. 5181165582821386|05|2034|440
739. 4902926040825835|06|28|715
740. 4632252045388316|04|2028|579
741. 5181161230314643|09|2032|137
742. 372804352907153|11|2030|8106
743. 5178059054218673|10|2035|765
744. 4539699657610292|03|2030|545
745. 5154620057215376|09|2025|276
746. 5181164378026938|03|2030|153
747. 4143534502503798|05|2029|366
748. 5424322339145612|03|2031|025
749. 5181167597169975|07|2035|857
750. 5455122801578239|03|2028|378
751. 4000223297649196|01|29|483
752. 5181166278966469|06|2026|749
753. 5181169580933946|03|2030|588
754. 4147788579602943|12|25|224
755. 5181162642728073|03|2030|347
756. 4000223277472262|01|29|339
757. 4177950001624993|05|26|437
758. 4596268977116503|07|26|087
759. 4133310411820934|05|2027|680
760. 4258818720314596|10|2024|982
761. 4532210724806074|09|2031|305
762. 5391723697810425|12|2028|112
763. 5188401439582076|10|2032|377
764. 6011208851065956|02|26|411
765. 5159161184240594|07|2028|145
766. 5524903605015868|05|28|609
767. 4632252035584288|02|26|397
768. 5181168674130716|04|2035|835
769. 5491862021315542|03|26|924
770. 4902820014829867|01|2029|717
771. 4017957251349068|08|28|377
772. 4833120192442367|09|2029|592
773. 5181169016544804|11|2033|443
774. 5594332884233469|02|2026|194
775. 5424322339003993|10|2031|939
776. 5424322339394210|02|2029|299
777. 4202310004778412|10|26|896
778. 4833120192446061|09|2029|634
779. 5524339075098028|05|2028|378
780. 5181169955178267|12|2030|574
781. 4659432433829836|09|2027|052
782. 4902820019731761|12|31|167
783. 5444228600002042|02|2028|346
784. 5154620057207324|11|2032|935
785. 4189470711441253|09|28|293
786. 5181161109033480|08|2033|624
787. 4833120192441088|09|2029|585
788. 5326281991561152|09|29|969
789. 5194699813504267|05|2024|991
790. 5181163837954672|12|2026|173
791. 5594338041391140|09|2024|195
792. 5424322339540465|07|2030|980
793. 5181162645941228|05|2036|742
794. 2340744885325033|04|32|981
795. 4169942980527487|03|2026|714
796. 5491862020988927|12|26|891
797. 4351733650321535|08|2026|138
798. 5557360004606236|10|29|223
799. 4154177298222268|06|26|927
800. 341263412831002|12|27|338
801. 4833120192441740|09|2029|903
802. 5391728436019527|06|2027|970
803. 5424322339497773|11|2031|377
804. 5181161007066350|03|2034|320
805. 4111460690634575|12|2032|769
806. 4521015471706119|10|2025|588
807. 5424322339390887|03|2028|531
808. 4111460690681691|09|2028|828
809. 5424322339952785|10|2028|593
810. 2517189281157126|09|2029|571
811. 𝟻𝟷𝟽𝟾𝟸𝟽𝟶𝟿𝟿𝟻𝟼𝟹𝟾𝟺𝟻𝟽|𝟷𝟷|𝟹𝟶|𝟸𝟸𝟷
812. 5424322339762259|03|2031|555
813. 5181169295797487|08|2030|911
814. 5181168693712718|11|2031|102
815. 374640513841008|06|26|6466
816. 5520380058977840|10|31|930
817. 5181166928713295|09|2031|560
818. 4133310411824167|03|2035|739
819. 3743550796996611|03|27|6509
820. 4521088616799851|05|2027|186
821. 5410600004431805|01|28|071
822. 4833120192448224|09|2029|920
823. 3743551279881526|01|2028|494
824. 5181165989971297|05|2028|892
825. 5295807294035861|05|2032|181
826. 4485471107202102|06|2026|878
827. 5236781574166914|10|29|103
828. 𝟻𝟷𝟽𝟾𝟸𝟽𝟷𝟹𝟷𝟷𝟿𝟸𝟻𝟸𝟽𝟶|𝟶𝟾|𝟹𝟷|𝟻𝟽𝟻
829. 5178058570631294|12|2024|405
830. 4902926474195777|03|27|087
831. 4833120192449453|09|29|719
832. 4931000951716220|06|2026|723
833. 5424322339063393|01|2031|251
834. 6011660660282695|01|2031|648
835. 3743551279819062|04|2032|209
836. 4133310411829182|04|2035|721
837. 5154620057275941|02|2032|357
838. 4339079735590513|05|2031|906
839. 4716134810677|02|2029|653
840. 4833120192444884|09|2029|649
841. 5181168298608352|02|2033|809
842. 4133310411825990|04|2027|260
843. 5181164172904223|09|2034|813
844. 4211566102999460|04|28|225
845. 4154644405945123|04|26|472
846. 4902820014829867|01|29|717
847. 4556028296558381|08|2029|241
848. 3743551578556605|12|35|4430
849. 4902926824804326|01|28|300
850. 5162890009230415|01|2027|916
851. 4770377519949743|01|28|914
852. 3589837027228939|09|2031|657
853. 5287502560741389|12|2031|723
854. 4929666294414634|05|2028|538
855. 3743551279891454|10|29|2384
856. 5526370993990523|05|2031|280
857. 5181168823314583|11|2032|386
858. 5424322339691466|08|2031|732
859. 5181166879985025|12|2031|242
860. 5594333123910461|12|2025|674
861. 5181167497280054|02|2034|585
862. 5181164852280357|05|2036|413
863. 5295803761298504|04|2027|878
864. 5594330004690063|09|2027|363
865. 4143533490773710|05|2029|381
866. 5181163058829587|01|2032|476
867. 4024596789328631|06|26|539
868. 5181161735647752|01|2026|803
869. 5424322339164324|09|2029|978
870. 𝟻𝟷𝟽𝟾𝟸𝟽𝟺𝟾𝟽𝟾𝟾𝟻𝟾𝟽𝟼𝟼|𝟶𝟸|𝟸𝟿|𝟺𝟾𝟺
871. 5181161997107883|12|2036|959
872. 4133310411824639|12|2026|817
873. 5181161959404955|03|2027|700
874. 5424322339117793|03|2029|623
875. 5354561800240493|09|2027|924
876. 5181162907046252|09|2032|457
877. 4916715263184580|04|2026|523
878. 4340762021826256|10|2030|211
879. 5424322339219433|07|2028|477
880. 5181168891536836|06|2026|670
881. 4890230019491958|01|29|201
882. 6011007197509572|02|26|673
883. 4133310411827293|12|2026|817
884. 5178058134926057|09|2033|552
885. 4133310411826774|07|2032|463
886. 5424322339363157|06|2029|325
887. 5424322336628289|03|28|113
888. 5434640314674381|09|2027|711
889. 5290990015115017|05|2026|206
890. 4133310411825719|12|2026|817
891. 4850384657307063|12|2025|828
892. 3743550884755527|01|34|1671
893. 4902920750518100|10|25|377
894. 4929769129390001|01|2031|548
895. 4154644409157147|03|2029|118
896. 4094510756988900|11|2028|429
897. 5181161969339340|06|2033|581
898. 4539795895861042|01|2029|650
899. 4737034069002989|12|28|760
900. 5181165850788549|02|2028|182
901. 341263284431006|01|28|8830
902. 4000223284555760|01|29|804
903. 𝟻𝟷𝟽𝟾𝟸𝟽𝟿𝟽𝟿𝟼𝟺𝟿𝟼𝟽𝟽𝟿|𝟶𝟾|𝟸𝟾|𝟷𝟻𝟼
904. 4770378449587268|09|26|652
905. 5424181236174574|11|2025|700
906. 5181166432064789|08|2031|511
907. 4097581216919048|09|31|270
908. 5178058109645732|09|2032|678
909. 4770370127308177|06|26|404
910. 4693324300020938|08|27|217
911. 3743551279874208|11|2031|600
912. 3563420004811827|10|2026|1706
913. 5181160430811887|05|2031|948
914. 4133310411824498|10|2035|587
915. 5594336944094373|11|2024|620
916. 4556378638582205|12|2030|884
917. 4154177299972861|01|26|803
918. 5181160653075160|02|2027|619
919. 2508154361969817|05|2029|181
920. 5502091155194567|05|29|962
921. 5181168595701322|12|2028|742
922. 5178059701264583|04|2034|953
923. 5181167854411367|08|2033|469
924. 5181161343263547|07|2026|482
925. 6011553908235189|06|2029|608
926. 4187022105372701|08|26|185
927. 5424322339196219|09|2029|902
928. 4283322085745279|02|26|639
929. 4111460690632140|12|2026|542
930. 5391729824103675|02|2035|654
931. 4266841789509922|10|28|093
932. 341263682291002|01|28|676
933. 5154620057294652|12|2029|290
934. 4154178964898803|07|27|997
935. 𝟻𝟷𝟽𝟾𝟸𝟽𝟿𝟿𝟻𝟾𝟷𝟾𝟻𝟻𝟿𝟺|𝟶𝟾|𝟸𝟿|𝟶𝟷𝟽
936. 5424322339921327|12|2029|786
937. 5424322339178464|04|2030|862
938. 4179030250167768|01|28|481
939. 371778150512004|06|27|5994
940. 4770373767658235|11|31|997
941. 5181169524336719|06|2035|371
942. 371775400881007|05|27|5439
943. 5321806562055898|01|2029|079
944. 5181160849995321|06|2026|118
945. 4110791609451219|05|27|211
946. 5181161499319762|03|2030|620
947. 4258819453872016|11|2032|443
948. 5391726208145397|07|2027|646
949. 4147400384467112|03|28|539
950. 5524903605012317|07|26|544
951. 4028264918484694|05|26|680
952. 3566700838321390|02|26|243
953. 4737021557009419|10|26|858
954. 376022390241628|11|2029|2711
955. 4599540157729272|03|29|227
956. 3743551279876499|08|25|7859
957. 4737023663113096|05|30|373
958. 4121773726168121|05|27|583
959. 5424322339170826|05|2029|668
960. 4154177206088942|09|26|908
961. 4553880186347108|03|2028|633
962. 5181163070249616|08|2027|899
963. 4111460690616614|03|2030|701
964. 4219580129045563|10|31|183
965. 5196032192393656|01|29|498
966. 6011013645693422|08|2026|499
967. 5188404593816207|12|2028|244
968. 5154620057267120|07|2024|936
969. 4426441311868321|02|26|664
970. 4133310411823219|12|2030|274
971. 3566706902823364|06|25|529
972. 5424322339099413|08|2031|025
973. 4111460690686807|08|2032|786
974. 5491862026622512|06|28|200
975. 4427550531580877|05|29|635
976. 4539795847930218|05|2028|715
977. 4029886043260000|02|26|706
978. 4143539367683080|05|2029|683
979. 5181162043384138|11|2034|244
