Telegram Scanner Results
========================================

Source: Cc r@pers
Total results: 915
Timestamp: 2026-03-11 22:15:41

----------------------------------------

1. 5220940249787631|07|30|015
2. 2233466704775798|12|30|647
3. 5346360406944827|08|26|157
4. 4715638718395150|05|2030|233
5. 5361934098070701|08|28|863
6. 4154644406556309|06|28|128
7. 4334678744085061|09|30|020
8. 5189410176430448|02|27|323
9. 5318610001486069|01|30|729
10. 5161090000693601|09|26|055
11. 4269306551713547|02|28|471
12. 5253624112835210|06|34|067
13. 4921829051285872|01|28|411
14. 4854478203159345|02|27|911
15. 4697010001856417|03|28|296
16. 5462130237734608|03|28|244
17. 4921630656563832|03|27|721
18. 4519922204283874|03|30|588
19. 4570665015238399|05|29|351
20. 5145180514315857|07|2028|098
21. 5312600206542135|10|29|817
22. 5489010339549766|03|30|776
23. 4243142020659800|09|29|719
24. 5333171202182404|05|29|122
25. 5205245017717086|02|28|529
26. 4031630694844399|02|29|033
27. 2231371053401065|12|29|030
28. 4130371205222177|07|28|409
29. 4966691001353218|04|27|489
30. 6500830855810919|03|31|311
31. 4549240544387139|03|29|644
32. 3540426117871085|09|27|1120
33. 4345591174010987|11|27|831
34. 4833160304425355|02|30|628
35. 4974102142314861|12|28|991
36. 4057310603357630|03|2026|444
37. 4585828100177152|08|27|370
38. 4117740005017598|01|31|501
39. 5209495126805019|02|29|916
40. 4165983416433050|05|27|043
41. 4815163167558140|12|26|455
42. 4000223144323896|07|2028|058
43. 5374281102071365|06|2032|443
44. 5537716985432006|01|30|986
45. 4940197146337489|05|30|432
46. 5286181526972486|09|28|736
47. 4543600389281596|09|28|129
48. 5539792155727309|09|29|155
49. 4847836810434478|08|29|689
50. 4345591254516317|01|29|847
51. 5168404204805726|03|28|915
52. 4585824000091544|11|26|923
53. 5575119677221923|07|29|100
54. 4879170016988223|12|26|217
55. 5310840350423649|02|31|369
56. 4785140020718687|11|29|051
57. 4141700002935960|02|28|863
58. 5579070165488282|01|31|995
59. 4232232043902890|06|2027|097
60. 4879170049919989|02|29|102
61. 4482330140482175|12|26|016
62. 4165490340043609|10|29|252
63. 5137784006038933|03|29|364
64. 4106210008742934|06|28|597
65. 5297740800237994|07|28|321
66. 5354567655015682|07|28|339
67. 4319463869839090|05|30|835
68. 4281490002408438|02|29|725
69. 4345591222691127|06|28|679
70. 4347697117259223|09|29|109
71. 4519922164494966|06|28|706
72. 4100390140363793|02|32|505
73. 4809220190216613|02|28|345
74. 376741372501002|08|28|4711
75. 5226865629931026|12|29|661
76. 4147400418649818|01|29|850
77. 5168952113203714|10|26|051
78. 4213241042724562|06|37|530
79. 4465420556881886|01|27|526
80. 5421190181633206|10|33|614
81. 4366189265360777|05|28|889
82. 5143773914883698|12|29|089
83. 5095869654832446|09|35|498
84. 5354562783054745|05|28|290
85. 4940990006529801|10|30|362
86. 4837383136069607|11|30|512
87. 4345591147571164|06|27|364
88. 4227480101442542|06|27|537
89. 5217295412223186|01|27|541
90. 4549518419945374|09|29|986
91. 4147202650309816|12|28|704
92. 4097580468134116|02|33|948
93. 5136202062099328|06|29|634
94. 4483870024677902|06|26|334
95. 5489010377266927|04|31|789
96. 4338720000175172|11|30|388
97. 4366880067614102|01|28|740
98. 4596450379919649|07|29|010
99. 4185960010786220|04|28|021
100. 4117737039968796|03|29|601
101. 2320020031121988|08|31|599
102. 5438821663871465|08|26|968
103. 4000222547330516|05|26|594
104. 4342566940996464|02|35|685
105. 4737023096481159|07|28|023
106. 5326555248702010|09|27|639
107. 5196032158488821|08|27|071
108. 5196032176888903|06|28|412
109. 4462919390266033|02|27|620
110. 6011012066842005|05|2027|241
111. 4871047330802512|09|30|976
112. 5167953222046557|12|28|612
113. 4358800922046449|12|30|151
114. 4403935003583731|01|28|4031
115. 5497821805758990|05|2028|968
116. 4147202751710185|05|30|612
117. 4726280096873586|08|26|035
118. 4769820001760929|01|28|971
119. 4345591117290993|12|26|107
120. 4147181783997400|11|28|914
121. 6011014945251184|08|27|078
122. 5170400176071970|02|30|169
123. 4462729224164019|10|29|767
124. 4342580188214464|10|26|914
125. 4031630582961610|02|29|255
126. 4406811054804879|11|27|634
127. 4214618123072723|04|30|075
128. 4031630558627419|03|29|006
129. 4609530001166514|08|30|821
130. 4100390675089565|04|27|682
131. 5264086566206032|10|29|425
132. 5269110291258038|02|30|056
133. 5352303560141401|04|28|380
134. 4599540023749660|01|28|323
135. 5354828000560875|09|29|548
136. 4090132934622725|03|29|582
137. 4342561177866738|12|31|701
138. 5424022703805862|06|30|778
139. 4712270016284135|04|31|775
140. 4118103885798663|02|33|637
141. 4970407805460727|06|2026|514
142. 4842810339228971|08|28|799
143. 4295442686964339|12|31|551
144. 5258992920042369|11|27|292
145. 5243022435313002|06|30|652
146. 5276523278057515|02|39|719
147. 4150640002867672|06|30|803
148. 5111390263747628|09|26|439
149. 5117680361073099|03|28|767
150. 4017954238222195|08|28|792
151. 4384340007559113|04|28|866
152. 4000223329012496|03|29|624
153. 5484170015980712|03|28|274
154. 4345591129343103|03|27|854
155. 4342566823011142|04|34|439
156. 5358151155104720|12|29|968
157. 69948392929292|01|99|699
158. 4345970052090982|04|28|530
159. 4147202660469741|02|29|305
160. 5375370064590535|07|30|741
161. 6011440026480410|12|30|397
162. 4283322119791489|10|28|258
163. 5235680102854713|03|27|628
164. 4342560961767326|04|27|414
165. 4345591203160126|01|28|621
166. 3793630117859859|10|27|1687
167. 4972039763298191|09|29|620
168. 379363039952978|06|2027|2811
169. 5168720435961628|06|29|471
170. 5333171190479911|02|28|975
171. 4829507131997210|06|28|531
172. 5374100774325364|07|28|931
173. 4345591179219021|12|27|331
174. 6501734898842245|10|32|251
175. 5143773925738568|03|30|926
176. 6573665861087223|10|30|396
177. 4268800099353130|09|27|075
178. 5230810026541881|02|27|066
179. 5222050154735928|02|31|653
180. 5503460017037927|01|2031|322
181. 4796261026182467|04|29|453
182. 5542657100559344|12|2029|248
183. 5213720427089516|01|29|488
184. 377792017610608|06|30|2046
185. 4342565186939204|03|31|138
186. 4246315168069712|07|29|435
187. 5109820111675054|03|27|893
188. 4100390754622005|07|28|507
189. 4938755438414482|05|28|950
190. 5205936157849446|11|27|669
191. 5489010350173686|10|30|241
192. 4693080249878097|08|26|731
193. 5224685082730257|03|29|758
194. 4147206605414654|09|2026|198
195. 4345591200755126|12|27|719
196. 5373704893919147|06|29|851
197. 4147200950173304|03|2030|341
198. 4553880057674127|09|26|375
199. 5268157558334573|06|29|678
200. 5356663782292480|08|30|643
201. 4751391153543406|07|29|343
202. 4017954205772941|04|27|315
203. 4514617512732472|05|29|165
204. 4619949777966485|09|2032|844
205. 5333171128205826|03|26|160
206. 5362140400381526|08|28|826
207. 5167934005378789|05|28|049
208. 4037660046309050|10|27|271
209. 4143980297958699|11|27|834
210. 5356430000832855|08|27|688
211. 4283322131312124|02|29|504
212. 4766634602525349|06|31|753
213. 5248861868145778|01|30|005
214. 4342567225801338|09|27|613
215. 4058790006167679|10|27|754
216. 4925600099653561|02|29|217
217. 4850970081824838|05|29|217
218. 5290327734875458|10|29|081
219. 3793638215906332|10|27|9612
220. 4713810200212936|03|28|049
221. 4000223031704356|02|28|803
222. 5264120010455257|11|29|218
223. 5532576476399428|08|28|887
224. 4902820017967250|01|30|206
225. 5162924051447096|04|32|634
226. 373780836027751|11|34|7826
227. 5484170014207802|11|27|291
228. 4160467122350498|05|29|375
229. 4100390208767877|12|27|642
230. 4342565901822032|04|29|334
231. 4165983466207958|08|30|464
232. 6011420007027414|09|28|152
233. 4833160260994584|02|28|540
234. 5333174528284235|02|30|529
235. 4580190000299510|04|30|525
236. 4165981627473956|10|29|674
237. 4381081701797525|04|30|895
238. 6500830143667808|01|31|639
239. 5214790026369949|02|30|062
240. 4483850077883359|08|26|378
241. 4060688037060127|04|28|757
242. 4762928411224969|09|26|045
243. 6011014350783648|04|30|602
244. 6011001562901506|06|27|163
245. 5487190090079823|11|27|090
246. 5598880064250634|02|29|441
247. 5401871206803320|05|30|078
248. 4056714514554352|05|27|086
249. 5354566490076628|03|27|189
250. 4342569240660921|11|31|606
251. 4519922213755797|10|30|597
252. 5354567655171014|11|28|031
253. 5379823330842219|03|29|932
254. 4678940043075100|04|27|070
255. 4619945104698064|04|2032|497
256. 5424323426028257|10|2026|857
257. 5454890000179139|09|29|900
258. 4143980603986020|04|28|183
259. 5436612007537181|07|30|323
260. 4514011814715635|03|26|248
261. 5509890035581064|07|28|927
262. 4079430006412396|12|29|110
263. 4833160281341781|02|29|867
264. 5334670052130263|04|30|628
265. 4147768580941001|12|26|131
266. 4266841888890462|08|2030|007
267. 5360581108280472|04|30|096
268. 5167953146527476|11|28|167
269. 4983981799627835|07|29|066
270. 3793635885443182|10|27|8124
271. 4417701003759810|07|26|265
272. 4023601051437382|05|29|186
273. 4117730156833646|09|30|917
274. 5406694866238024|06|30|226
275. 4342566852379980|04|28|504
276. 4322644663035218|01|31|277
277. 4325580004088499|04|26|534
278. 4342566140350751|04|28|556
279. 5539791618702180|02|2027|246
280. 4140497013177937|04|28|539
281. 5585490065626819|06|30|229
282. 5539620034029748|01|29|578
283. 4475131008183080|07|30|211
284. 4929154916595007|07|28|341
285. 4147203882562180|07|2026|662
286. 5329616700046424|09|30|672
287. 4837383550218581|09|31|312
288. 5517924845225008|08|31|037
289. 5305148006856577|06|29|961
290. 4342562530555802|05|29|944
291. 4295442066034216|05|29|603
292. 5217293011036729|08|28|243
293. 4166445105698079|12|27|810
294. 4147400436807570|08|29|466
295. 4906385804261859|05|2029|847
296. 4232233146261374|06|29|231
297. 5354569770811821|02|29|815
298. 5402059584763014|06|30|050
299. 4546420033693725|12|2030|780
300. 4078360008408947|05|27|046
301. 5125317998833500|08|26|571
302. 4027660021971447|10|29|077
303. 4000223349848069|04|29|310
304. 4741743536631295|10|29|174
305. 5253623902356122|11|34|107
306. 4574953206147280|06|27|748
307. 4062900547278018|06|29|876
308. 5354567650900250|10|26|921
309. 5459633110109231|08|27|016
310. 5170414182423836|07|28|431
311. 4519932172858680|10|30|850
312. 4017043743013032|12|30|4346
313. 4036178745951933|09|28|507
314. 5229807701181184|02|29|658
315. 4715638718395150|05|30|233
316. 4835610469013741|09|29|937
317. 4056718629751555|05|26|758
318. 4000223395165780|06|29|682
319. 5355220703693527|07|27|995
320. 5434301310101883|08|26|453
321. 4342565608001229|06|27|600
322. 4599441030942085|02|29|444
323. 4097583367777688|09|34|693
324. 4766635220141559|03|31|233
325. 4025837006805210|09|2028|801
326. 4368448240360700|02|29|043
327. 4342562447300482|11|29|712
328. 4147400388729103|05|28|589
329. 4574310205088900|07|30|538
330. 5484170111221961|05|28|906
331. 4837383448580077|04|31|589
332. 4347697114863639|06|29|233
333. 4941343001816618|05|30|882
334. 4799320031150344|08|28|199
335. 4533043531593091|10|29|093
336. 5400580391665508|10|26|862
337. 4834872796727119|03|26|563
338. 4472270050873579|02|29|711
339. 4160210843888366|08|27|507
340. 4791980006812612|11|30|898
341. 4342560040939821|11|30|539
342. 4837383549707371|01|27|376
343. 5149504005268539|03|28|879
344. 5499490552290405|11|26|553
345. 5463090045829538|12|30|315
346. 4345591127008674|03|27|495
347. 5290970034826638|06|29|462
348. 4124510160807476|09|29|277
349. 4342562768752949|05|30|257
350. 4345591133308795|04|27|345
351. 5175461500769627|05|29|746
352. 5137360008829361|01|27|080
353. 5117680309971768|02|28|289
354. 4347691215119355|02|31|418
355. 3793638345502415|08|29|4523
356. 5525605054362273|05|27|548
357. 4345591209729866|02|28|380
358. 5354569183847941|04|29|665
359. 5290999973498752|04|2028|364
360. 4248400182154068|08|27|292
361. 4546176222603012|03|26|019
362. 4921630679535478|05|28|139
363. 4837383921289204|12|31|880
364. 4715403001052087|08|28|704
365. 3542390651501094|12|29|0120
366. 4117744094729816|05|29|425
367. 5443477338390929|08|30|864
368. 4342565190517848|01|34|126
369. 5354567370880600|03|27|459
370. 4345591201106717|12|27|035
371. 4645320000546981|08|31|206
372. 4633410180641639|09|27|538
373. 4345591109710362|10|26|525
374. 4266841814746200|04|29|833
375. 4293205206431887|05|30|534
376. 5406711011711612|06|27|890
377. 4341550101985343|06|31|355
378. 5489848894766717|02|40|893
379. 4627182126885749|02|36|249
380. 4342560861788778|07|31|631
381. 5236090510258755|05|29|665
382. 4762150059913510|03|30|134
383. 4984081820851956|11|30|204
384. 5351203990083036|01|33|669
385. 4135751008885863|05|29|722
386. 4978741776342569|09|27|722
387. 5543499101569819|06|34|309
388. 5175467156013418|10|30|683
389. 5354564040377513|12|27|804
390. 4724090604155729|06|26|355
391. 5468044008823025|08|27|146
392. 4744790018694686|06|2030|100
393. 4355840129590008|11|32|830
394. 6011006530315242|11|30|766
395. 5196032136385594|02|26|521
396. 4345591139647634|06|27|219
397. 5534670207837018|06|29|179
398. 4970407096085902|10|29|795
399. 4638490300681280|11|26|513
400. 4345591178846246|12|27|950
401. 4839503102015601|04|26|533
402. 4847836520005147|06|26|129
403. 4342580177231438|12|28|179
404. 4990016889842977|10|28|211
405. 5136234003702520|10|27|474
406. 4400430266262135|03|26|169
407. 4342562487062901|12|27|547
408. 5332480114833975|03|27|730
409. 5205894568296576|12|28|233
410. 4031630682775316|05|29|688
411. 4345591088079730|10|26|914
412. 4266841803888328|05|26|310
413. 4162026406360413|10|26|106
414. 6011410137083247|11|27|858
415. 4386680104310102|08|27|906
416. 5374100940255974|01|27|243
417. 4850460063032907|10|28|517
418. 4762236720092030|03|26|815
419. 5143772186889706|01|30|522
420. 5163103001194475|03|28|015
421. 4677851517610325|12|26|347
422. 6947819172910389|10|39|169
423. 4147208804333206|01|2030|191
424. 5270698577041000|12|30|979
425. 4342574051690736|09|28|248
426. 5489010346527227|06|30|872
427. 5194825195601211|12|32|088
428. 5175461652594062|11|30|980
429. 5391572023107653|01|30|086
430. 4207670304152336|02|2029|300
431. 5299709278427466|08|2029|533
432. 4165987697852664|09|28|553
433. 4906388708532912|10|29|520
434. 5137784006038933|03|2029|364
435. 4276696076386113|02|29|262
436. 4604714764392807|02|27|622
437. 6505070547879510|10|32|497
438. 5346361801751619|06|27|942
439. 5521153305370153|11|28|412
440. 4985032075247803|07|26|250
441. 3793638914073236|06|31|2631
442. 4097580192405774|06|30|355
443. 4533181385751439|06|29|199
444. 4060490116334055|05|29|799
445. 4850460024694563|11|26|285
446. 4430510034285536|05|27|318
447. 4511290136030765|12|32|944
448. 5178059272216095|09|29|815
449. 4342568568283738|11|28|461
450. 5489010381276482|05|31|116
451. 4748381940082954|12|28|807
452. 4165984022272148|06|27|362
453. 4202310002820919|01|28|195
454. 5461670087681616|05|26|941
455. 5305620230634848|05|30|029
456. 4333900013476768|12|29|261
457. 5354562753238716|06|28|009
458. 4462917822481840|06|26|699
459. 4753950063310509|06|28|485
460. 4388576168593468|05|28|834
461. 5314450049639559|01|2029|538
462. 5489010383845458|07|31|260
463. 5598880063790168|03|35|196
464. 5154620022736522|07|32|653
465. 5101251209496971|09|31|251
466. 4342564099351243|08|34|781
467. 4031630808049919|12|28|586
468. 4599144105365402|01|29|037
469. 4519932061294476|06|26|661
470. 5282870111381145|10|26|168
471. 5356014484576921|02|30|192
472. 5415411635312413|03|30|760
473. 4032122103511545|03|29|291
474. 5573770015908381|12|30|853
475. 5491862019701356|06|26|886
476. 4327390109761299|03|26|827
477. 4693080253749127|06|27|961
478. 5268090285700537|02|29|754
479. 4071662117103336|10|2028|020
480. 4000223450095989|08|29|738
481. 4266841696589413|11|26|716
482. 4327390117603913|06|27|555
483. 4147202012334569|06|2030|532
484. 5379920071888102|09|28|223
485. 5317801904551437|05|30|353
486. 5139096166767419|01|40|030
487. 5342711032468512|03|31|096
488. 4762238441127020|01|31|535
489. 4837383498692467|09|27|269
490. 4207670341791203|12|30|253
491. 4031630241070647|05|2030|354
492. 4154644406530643|07|28|646
493. 4871040248037073|07|27|456
494. 4147208341049984|04|2030|182
495. 4147211044349412|02|27|867
496. 5421519206854944|01|28|375
497. 4330070010484174|07|27|599
498. 4388576142772113|04|2026|735
499. 4093550029448440|12|27|197
500. 5403758004477324|03|29|340
501. 4956913339775900|05|29|903
502. 4000223116902487|06|28|282
503. 4345591202018523|12|27|601
504. 4031630895222999|03|30|933
505. 4261114100400782|10|27|765
506. 5484170119273881|10|27|595
507. 5338900110545392|05|28|507
508. 6011440503977458|02|29|065
509. 5391600010556713|07|28|370
510. 4169738865337780|07|26|740
511. 4000222983355662|12|27|740
512. 4093550071209286|10|28|027
513. 4397717900259328|02|2026|634
514. 3793630163636995|09|29|7364
515. 6587670027288099|10|31|326
516. 4616082009415726|03|26|337
517. 4008950003167178|05|29|340
518. 4118103198996046|06|31|946
519. 5143772910392522|05|29|643
520. 5333171192992093|03|28|714
521. 5454890000179147|09|29|275
522. 4833160276260830|10|28|444
523. 4601860048984365|04|29|548
524. 4587667544752628|02|26|917
525. 4342561994035533|03|30|743
526. 4097583377065900|12|33|616
527. 4100390598069249|01|26|028
528. 4838340297036832|10|28|445
529. 4737033039874311|06|28|618
530. 5455126210100394|06|27|126
531. 4599540157729272|03|29|227
532. 4111111111111111|07|2030|647
533. 4231099376439871|02|26|984
534. 5414963803986973|12|27|413
535. 5520380013462391|08|27|980
536. 4548320005987113|09|30|614
537. 4084611003081358|02|28|000
538. 5573840087939802|11|2028|258
539. 4011051014122792|01|28|174
540. 4837020037850582|06|28|783
541. 4147204278271501|09|2030|291
542. 4978740899666334|04|28|517
543. 5351204912293026|12|26|429
544. 5205936188391723|06|28|244
545. 3793639007476245|03|31|6788
546. 376455729434003|08|28|3683
547. 4381086423487560|05|27|322
548. 4552949104298718|04|28|534
549. 4345591101195125|11|26|618
550. 5354567371892190|03|29|510
551. 4030570002370482|04|2028|590
552. 5354567692811200|03|27|435
553. 5170228500199971|12|27|097
554. 4519932172276420|07|30|014
555. 4342581025495977|06|26|424
556. 5131628201947362|03|26|711
557. 4345591102533282|11|26|710
558. 377754502745620|11|29|154
559. 4741585729965299|04|41|803
560. 4934719905378616|07|28|490
561. 5178059634587670|10|2027|345
562. 3793633782666476|07|31|8887
563. 4837383428680160|01|31|783
564. 4140710398244027|05|29|026
565. 4361720008331801|08|28|824
566. 4505530336094352|02|27|320
567. 4154644402300066|02|2027|415
568. 5321962143288456|05|33|924
569. 5168830752705803|10|27|298
570. 4460310038958367|12|27|661
571. 4333900045038446|03|29|769
572. 4557881301741874|05|29|089
573. 5334670024571719|12|27|840
574. 4147180393495342|11|27|131
575. 4097581414134127|06|2032|776
576. 5154620022213233|11|29|097
577. 5246300071663410|02|29|276
578. 4057620001153328|07|28|896
579. 5354560611205323|09|26|136
580. 5509920001082456|12|29|104
581. 4619946690160055|11|2032|413
582. 4366188468387876|02|30|437
583. 4345591268654088|05|29|765
584. 5224685024781517|10|26|903
585. 5196032158989778|08|27|390
586. 4000223328600077|03|29|297
587. 4345591140609318|11|26|219
588. 4017954238365499|01|29|929
589. 5579100447880327|11|29|766
590. 4174010184574177|10|27|839
591. 4519922168352079|09|28|025
592. 5195340101282329|10|29|192
593. 5415411647734836|02|31|564
594. 4970498112359710|10|29|461
595. 4216891044962565|02|29|001
596. 4141700007143404|11|26|839
597. 371717718044001|06|26|0111
598. 5573840077262744|11|28|783
599. 4345591277476374|07|29|879
600. 4345591205368750|01|28|817
601. 4038750105931396|03|28|993
602. 4511290136030765|12|2032|944
603. 4447962781852110|07|27|415
604. 4179031021406121|03|30|420
605. 5189410037058461|01|29|982
606. 4031489296815913|06|27|038
607. 4462613755297028|09|29|920
608. 5136591000810956|09|27|687
609. 4974017512695444|10|27|161
610. 4000220727906105|01|29|586
611. 4345591113218246|11|26|101
612. 5400570100897823|10|27|433
613. 4258084541603648|10|27|557
614. 4693080258488176|05|28|273
615. 4345591070890003|06|26|487
616. 5357386201478626|08|26|805
617. 4688290471271393|07|28|190
618. 5220940268297678|09|30|062
619. 5109820126895697|06|27|983
620. 4273690079416525|04|31|702
621. 4599540271010815|12|29|660
622. 5127880903144428|10|29|509
623. 4090132397139308|10|30|307
624. 5466042036843355|03|29|507
625. 5290970033182009|05|27|633
626. 4185879643760081|11|33|722
627. 4874742071094637|09|28|228
628. 5256680609583173|03|2029|008
629. 5484170014847854|06|28|984
630. 4154644406535121|03|31|615
631. 5168153197134111|10|28|702
632. 4283322085552600|02|26|824
633. 5178057694485629|12|2029|370
634. 4748380903754740|06|26|957
635. 4724090933580530|09|28|968
636. 4972039779342462|01|29|411
637. 4000223382403301|05|29|478
638. 4919682231580603|04|26|179
639. 5294154047084792|08|26|221
640. 4766650940359019|12|27|361
641. 4713811110431541|08|27|423
642. 4213830017413100|09|27|593
643. 5253623997093648|12|34|757
644. 4483850086123664|01|2028|229
645. 4659435431595861|10|29|912
646. 5591040000008730|12|28|557
647. 4119110105036245|02|31|102
648. 379797005021005|10|26|1612
649. 4796260431753680|08|29|608
650. 4342570060199743|07|28|680
651. 5220940160856738|06|27|940
652. 4217834034357049|03|26|238
653. 5361090000029713|10|30|790
654. 4744810048147149|10|29|068
655. 5354565220706561|05|27|699
656. 4266841698197116|11|28|130
657. 5248861391325202|06|29|847
658. 4553880147405102|10|28|717
659. 4519922213755797|10|2030|597
660. 5108695100973640|10|30|704
661. 4466193754304360|09|30|197
662. 4396910002979841|11|29|265
663. 4147203414006342|02|2031|502
664. 5374613984000643|11|28|488
665. 5170140038945181|11|28|914
666. 4701330009025243|05|30|894
667. 4737028063451374|06|29|351
668. 4828120016922708|11|28|020
669. 3793631784317502|12|29|2176
670. 4365020132512103|11|29|357
671. 3564068626363005|12|31|599
672. 4220700013129490|03|27|177
673. 4646923200480536|07|28|132
674. 4345591208457352|02|28|324
675. 5333171212932632|02|29|954
676. 5053822484691409|05|27|318
677. 6501734853269723|11|28|626
678. 4599540157729272|03|2029|227
679. 4147181497977839|07|26|958
680. 5205894244341747|12|27|194
681. 5333171146712217|03|27|434
682. 4632252040011319|06|27|749
683. 5571322803330816|09|27|052
684. 4342563893368064|11|31|168
685. 4217835011910890|04|27|671
686. 5347402616913934|09|33|435
687. 5136483027061898|06|28|840
688. 4442301695653329|01|27|975
689. 5314830516883055|10|29|057
690. 5503460017037927|01|31|322
691. 4411979800057440|11|29|004
692. 4460310038703680|03|28|933
693. 5282151176175676|01|29|652
694. 4622391127021213|04|29|174
695. 4246315119143020|12|28|756
696. 5441482347860575|11|30|555
697. 5476540193152807|01|2026|555
698. 5339850238573140|07|33|623
699. 4459520200278302|12|28|096
700. 2500530066294544|12|27|520
701. 4342565185960102|02|30|530
702. 4021700128807965|07|29|581
703. 4000223365738046|04|29|747
704. 5337920937235614|10|27|591
705. 4100390705572671|11|27|606
706. 4617006017883400|08|29|565
707. 5578017943291117|04|29|806
708. 5525174350299267|08|29|796
709. 4491920100500500|01|31|390
710. 4902820014024451|12|30|755
711. 5307360064435263|02|30|673
712. 4398188860823009|02|31|743
713. 4342563078104490|02|32|264
714. 4089541693868829|03|27|749
715. 5576526602890094|03|2030|111
716. 4000223372254086|05|29|072
717. 4090132951998438|04|29|543
718. 4837383470949448|06|27|329
719. 375190196707471|07|30|2591
720. 4041554015968463|09|29|438
721. 4345591074398086|07|26|934
722. 4032801009082996|07|30|101
723. 36101105467033|02|28|671
724. 4557881476300837|07|29|640
725. 5338660280885503|12|2030|205
726. 4743671443076858|10|28|547
727. 4023060211342414|12|2026|185
728. 4060682025441134|05|28|191
729. 4266841478885195|12|28|586
730. 5360885893043023|10|27|990
731. 5333171215126588|07|29|949
732. 5154620020870133|04|26|171
733. 5521154008443602|07|27|209
734. 4345591137540187|05|27|168
735. 4031630713854940|10|29|039
736. 4315037546716881|06|29|123
737. 4406982028687219|07|30|762
738. 4748365027703319|09|30|744
739. 3793630188840598|11|28|3161
740. 4874746506739070|10|27|083
741. 4342561084159680|06|26|898
742. 5143770260602151|10|28|290
743. 4469802275278930|02|26|289
744. 4200410105247200|02|2028|330
745. 5171790241254174|07|30|205
746. 4147202654057320|12|28|925
747. 4616994846793323|07|29|243
748. 4345591421638671|12|29|999
749. 6011950019148428|04|2027|785
750. 4169738865948909|10|27|177
751. 4242019821833019|02|28|241
752. 4147207648515010|12|2028|653
753. 5222050162457168|01|31|241
754. 4738640030370708|08|27|601
755. 5449370769701504|07|34|151
756. 6226230003442546|09|31|447
757. 4342566840430549|12|30|150
758. 4118104620886961|02|34|833
759. 4035251138009543|02|27|974
760. 371674511111000|12|29|2665
761. 4147200371440571|05|2029|846
762. 5166482501513823|01|27|327
763. 5137816907977593|02|28|647
764. 4693080575408253|09|29|081
765. 4140497011072700|07|27|409
766. 5492840327100130|10|29|310
767. 4834423013086143|06|29|883
768. 4862030000180972|07|28|479
769. 5154620025339274|02|29|599
770. 4345591226595019|04|28|799
771. 4061701535720578|03|30|108
772. 4568110523935321|11|27|705
773. 4366183296717923|08|28|715
774. 5203560069503966|05|28|462
775. 4147202657376479|01|29|008
776. 5415411634258252|09|27|563
777. 4273670610715023|11|26|727
778. 5374617103535686|02|28|246
779. 4000223052497096|03|28|862
780. 4230630000099935|11|26|096
781. 6502730019499039|09|31|689
782. 5275150127234144|03|26|648
783. 4342566318722948|05|35|924
784. 5222050170886762|11|32|603
785. 4253974934708928|09|28|584
786. 4100390489740296|08|27|584
787. 4737028044907221|06|26|454
788. 4342562386361156|03|29|713
789. 4342562441185491|08|26|918
790. 4097583837431684|11|34|941
791. 4837383368794542|05|30|572
792. 5497780000222071|10|31|742
793. 4850460051548716|09|27|301
794. 5166480409793877|10|26|605
795. 4890230019491958|01|29|201
796. 4479550000070670|12|28|739
797. 4147181446434676|03|28|969
798. 5268157352773968|03|29|306
799. 4921818365347114|09|27|198
800. 4655233016643733|12|28|078
801. 5557265479761871|02|28|888
802. 4266901025847260|09|27|568
803. 5520380015562537|10|26|536
804. 4514860004167720|01|31|287
805. 4687791017230018|09|27|600
806. 4345591179114438|12|27|485
807. 4345591155511615|06|27|274
808. 5342431029516682|07|28|179
809. 4847832830859117|10|28|488
810. 5312600403430142|05|30|861
811. 5523212010735452|05|2028|802
812. 4815820244097398|12|29|342
813. 4165981805679853|05|29|560
814. 5484170014787811|04|28|823
815. 5402058676871016|01|29|592
816. 4453450007310718|08|27|407
817. 5229816126768103|03|27|900
818. 4610461230971085|11|30|014
819. 5598880302256039|05|27|702
820. 5154452385087719|02|31|404
821. 5109820149101412|11|28|171
822. 4766715003938288|04|31|333
823. 370639678389781|10|30|4842
824. 4023470603336967|12|26|588
825. 5488880356389911|11|27|475
826. 4927021015111808|06|26|902
827. 5333171222045466|03|29|579
828. 4266841848863286|11|2029|424
829. 4519922189274575|08|29|862
830. 5502095513474835|10|33|833
831. 5333171194216087|01|29|503
832. 4799689033835262|10|26|301
833. 4847831472203477|08|30|258
834. 6011007468993828|04|29|053
835. 4345591398517346|07|29|294
836. 4600750000732723|09|2029|179
837. 4420572750212013|07|29|492
838. 4217836058769280|02|28|418
839. 4670212828676603|09|30|226
840. 4638460080979402|02|29|837
841. 4342560999437348|04|28|895
842. 4460320038399470|09|28|680
843. 5242040636793732|04|29|995
844. 5354565201513382|08|27|086
845. 5213331260572764|10|26|605
846. 4519922164642556|07|28|068
847. 4345591199731542|12|27|984
848. 4342563781634973|04|29|444
849. 4978613403315260|12|41|971
850. 5333171191474424|09|28|028
851. 4031630467955323|08|30|478
852. 4737028062512408|03|29|447
853. 4617729012679834|07|2026|296
854. 4380989517227886|03|30|684
855. 5195425484020840|08|27|504
856. 5333171145526741|06|27|893
857. 4748670207993105|09|29|145
858. 5354567011325320|07|26|755
859. 5355221575266343|10|29|267
860. 5168404446583107|10|28|444
861. 4511292669295922|12|34|857
862. 4976855018887991|05|27|623
863. 4782780035516924|08|28|219
864. 4178490034946518|01|29|284
865. 4342568160621012|08|27|163
866. 5109820124486655|03|27|256
867. 4611260089701075|06|26|4536
868. 4034462266010689|04|34|307
869. 4000222928901059|09|27|047
870. 5403758004477324|03|2029|340
871. 4644520145391786|09|30|019
872. 4935310184594104|08|26|487
873. 5408865196069812|04|26|822
874. 4593830065607660|12|27|273
875. 4220469376154319|06|26|402
876. 5356668097181922|10|30|546
877. 5524332566252394|10|27|619
878. 4632252034702121|11|26|378
879. 5355221000000747|07|28|602
880. 4118103919100688|03|33|395
881. 6573665561342704|08|30|780
882. 4093550073217659|04|28|755
883. 4345591122648623|02|27|242
884. 5338900110094599|06|29|804
885. 4648990205021449|12|27|886
886. 5290970042975914|07|26|034
887. 5424022704212563|05|30|677
888. 5227018248669622|05|30|065
889. 4103070000012576|06|26|307
890. 2231155605523025|06|30|332
891. 5598880392816619|03|28|165
892. 4619941114398589|04|2032|555
893. 5484170012534553|06|27|220
894. 4011051012119345|09|27|071
895. 4342562459733125|02|27|605
896. 4319357003446582|07|28|690
897. 4037660325183507|07|27|508
898. 4828120016922708|11|2028|020
899. 4342569827979330|08|27|198
900. 5312600423544146|11|30|106
901. 5275150130834294|03|29|888
902. 4575535610780886|01|28|894
903. 5230810001316366|03|31|614
904. 5524336079388017|04|34|947
905. 5414963812246864|12|28|417
906. 4147095220912576|12|26|776
907. 4432646572446789|03|30|738
908. 3584030127134331|03|28|0226
909. 6011410217711535|10|2029|157
910. 5269110178718609|09|30|527
911. 5573840054475608|05|27|884
912. 379311561131008|04|26|1261
913. 4519932066911983|10|26|316
914. 4837383691135678|07|27|163
915. 5175040133302657|02|26|757
