Telegram Scanner Results
========================================

Source: ⏤͟͟͞͞ 𝐅𝐑𝐎𝐗𝐓 CC DROP
Total results: 456
Timestamp: 2026-03-12 20:03:38

----------------------------------------

1. 5279525744787135|01|2028|246
2. 5521154008946117|12|27|315
3. 5154620022555369|12|31|945
4. 4037840083027019|07|2027|375
5. 356772120000033|08|34|4287
6. 4133310411822427|12|2026|817
7. 4325580004088499|04|2026|534
8. 4003905396303256|01|31|898
9. 5391574003025459|03|26|917
10. 4340762013351909|05|2028|744
11. 4121383118495288|03|27|272
12. 4220360033973359|03|2028|082
13. 4000223038203907|02|28|376
14. 4748381002336793|05|2028|570
15. 5239620013607426|01|29|806
16. 4667261377169200|04|28|321
17. 5598880316024597|11|2030|476
18. 379186330725946|10|2028|5100
19. 4737031027080321|10|27|220
20. 5375728950438467|11|29|543
21. 5521154005975887|11|28|319
22. 4133310411824639|12|2026|817
23. 4029886043260000|02|26|706
24. 4154644402556212|06|2030|909
25. 356969615703853|09|29|0697
26. 356777311674306|09|26|0473
27. 4133310411823359|12|2026|817
28. 4533042209645589|09|26|170
29. 5391720032401100|03|28|961
30. 4444888811932809|10|30|049
31. 4677851515798007|02|26|378
32. 5489010313025635|09|27|346
33. 4570665015033105|08|26|157
34. 4693327000008442|03|28|583
35. 4100400105452158|08|2026|654
36. 356580378127196|05|31|0830
37. 4020870031112570|11|2028|679
38. 5598880064218375|02|2029|240
39. 4345591368161703|01|31|896
40. 4155682202286241|01|28|228
41. 4207670325480518|02|2030|002
42. 5255222300095743|01|29|018
43. 4002712000809640|03|26|697
44. 4000222131664353|07|28|389
45. 5541618242461428|09|26|477
46. 5154620027603107|10|2030|649
47. 5521159004803543|11|2026|356
48. 5539060099122189|10|2029|821
49. 4342562498170883|04|28|542
50. 4120311168648614|06|31|915
51. 5220940269966552|09|2029|270
52. 5239380068326113|03|26|837
53. 5331870064828846|01|2027|779
54. 358403012124412|06|27|0229
55. 4758330010073085|05|26|427
56. 4079930100902556|10|2028|564
57. 4693080250645468|02|27|447
58. 4417704016491694|09|26|904
59. 4152779535882523|07|28|215
60. 5110980015056319|12|26|791
61. 4147202778544419|02|2030|683
62. 5351773705115943|09|27|471
63. 5443478848978963|07|2030|140
64. 5156767911638059|07|27|478
65. 5680485478463028|02|28|257
66. 4340762013181447|05|2028|493
67. 5333116820410430|01|28|874
68. 4046011203656579|08|26|664
69. 5175466410319462|08|38|417
70. 4133310411825719|12|2026|817
71. 4451430093718703|08|26|310
72. 5265346502297902|12|26|412
73. 4693080408333413|07|28|362
74. 5313643818757831|02|27|142
75. 357300003690321|08|39|0277
76. 4215849300268219|02|2040|920
77. 4266851011643456|07|29|138
78. 4154644402490958|02|2030|227
79. 5113320249726758|05|30|588
80. 5379920082310104|11|28|007
81. 5402565000584412|02|26|345
82. 4259585002558369|02|26|036
83. 356458000328740|06|26|0576
84. 4029879849679523|04|27|424
85. 5253623999559794|04|2034|277
86. 4488487100029653|07|2026|270
87. 5155490065829066|04|28|681
88. 4677851518006093|05|28|281
89. 4100390106147958|02|26|812
90. 4838896761177428|04|26|590
91. 5568628200706878|06|2027|652
92. 5370850001198505|08|29|535
93. 4337478028350548|10|28|059
94. 5322480167288830|02|26|162
95. 5156769448282724|10|2029|434
96. 4833160297422997|07|29|893
97. 5113320199790713|06|28|012
98. 5113320388966702|02|28|045
99. 5166480201386680|08|26|981
100. 4705438222386775|08|26|828
101. 4266841804040655|06|30|000
102. 4837133510014335|05|26|405
103. 356350010069374|10|27|2609
104. 379186150007458|09|26|9451
105. 4217836059830511|09|27|254
106. 4039958803267885|01|2029|639
107. 5538046423042228|04|26|208
108. 5178059521159633|05|28|032
109. 5219774825270180|10|2029|733
110. 376749204921009|10|27|5319
111. 4365010000010678|03|29|311
112. 5552742461785535|07|26|460
113. 4596811712842865|06|2030|644
114. 5218873000180924|04|26|686
115. 5222222802666868|12|27|107
116. 4693080407930342|02|30|799
117. 356651870204765|09|26|0856
118. 5645204415167228|03|27|423
119. 4693080247443449|08|26|020
120. 5279525744787135|01|28|246
121. 4388540098368532|12|28|132
122. 356772120000025|10|31|0715
123. 4154644408624071|09|2026|639
124. 4297690097848487|11|28|105
125. 4220360093327371|06|2029|226
126. 356480000674758|02|35|0048
127. 4447962683457794|10|26|352
128. 5546285545147735|07|27|587
129. 4266841733562910|09|27|164
130. 4447962688216575|08|28|830
131. 5143773830335260|08|27|610
132. 4155682201286267|02|28|743
133. 5154620012221766|12|2029|444
134. 4000222856965951|06|40|345
135. 356969615703259|01|41|2041
136. 4867460000608950|02|26|100
137. 5332480120716883|07|28|472
138. 4611260061047273|02|27|539
139. 5102344484404536|02|26|846
140. 4358802731094214|08|28|558
141. 4693080253377283|11|27|710
142. 4097581389122347|04|2032|070
143. 4337478078200577|12|27|369
144. 4693080249482502|06|26|315
145. 5524090000795655|10|28|538
146. 4311788023605146|06|2026|502
147. 5596273145972529|07|2027|805
148. 4100390612753406|09|28|244
149. 4263708196340204|06|26|966
150. 4106297894439725|12|29|915
151. 4745812616736849|10|29|4745
152. 4340762013166133|05|2028|805
153. 5620222523848728|11|27|827
154. 4154644404638877|09|2026|182
155. 5143773479926205|01|27|777
156. 4833160247035394|04|2027|275
157. 4907341000284186|11|26|165
158. 356989000449946|08|27|0945
159. 5287575039263342|06|2026|929
160. 356651870974565|02|26|8991
161. 356796000511454|02|32|0739
162. 4239100007842886|08|26|507
163. 4693080257056602|06|28|983
164. 356772122000023|12|30|0723
165. 4734523685241222|08|27|682
166. 5143773384308796|08|26|298
167. 4152313741422625|02|26|987
168. 5337158018860030|02|26|745
169. 5465948099214360|04|28|877
170. 5465948099214360|04|2028|877
171. 5114026320670042|03|27|138
172. 5417551000805935|08|2028|652
173. 5675781487006528|05|27|288
174. 4185867631478725|11|2026|387
175. 356342000499695|12|27|0104
176. 4100390593599448|02|26|985
177. 5556025646501035|08|27|025
178. 4585812180095104|02|26|400
179. 5368717535485837|06|27|615
180. 356772120700723|11|31|1501
181. 4133310411828721|12|2026|817
182. 4382890003805003|01|28|423
183. 5103810018701661|03|27|588
184. 5154620020017339|12|2026|339
185. 356350010089067|09|27|0356
186. 5332480595608383|10|27|469
187. 356458000409367|06|26|0587
188. 4693080496413515|01|27|630
189. 4535060280195249|03|40|164
190. 4207670304152336|02|2029|300
191. 4322071002796344|12|29|543
192. 4189530109305533|03|26|412
193. 4865210198523301|09|2027|303
194. 4748380903754740|06|2026|957
195. 356969615713076|01|28|0426
196. 356796000511058|02|26|0711
197. 4745813915732653|02|29|220
198. 4837133510014335|05|2026|405
199. 4342579005955929|07|27|4147
200. 5412889007817783|05|28|463
201. 4852464887826047|04|2029|284
202. 356458000266742|05|28|0738
203. 4133310411825750|12|2026|817
204. 5521159003213959|03|29|563
205. 4427322542668822|12|29|674
206. 4039056301979125|07|27|419
207. 5253030008967523|10|26|395
208. 5143773713459138|04|27|929
209. 5218071147789984|05|2026|442
210. 4163787217438123|03|29|162
211. 4513360001678861|03|30|540
212. 4744751256790750|06|2029|104
213. 356989000475800|07|28|0284
214. 5291728988478874|10|27|488
215. 4154644400661204|03|2030|887
216. 5189410060577163|04|27|789
217. 4147400325195806|11|2026|234
218. 4154644401406922|05|2030|859
219. 5491862029646955|02|30|513
220. 4029886033912537|02|2026|405
221. 5156769615843084|05|27|750
222. 4117754004411371|03|26|454
223. 5148875057687201|09|30|270
224. 5489010306418755|04|27|300
225. 6011000328034123|05|2026|690
226. 4557015874266239|10|2028|168
227. 5583158780158135|08|28|563
228. 4186464321593127|04|28|516
229. 5154620057273243|05|2030|322
230. 5400419007550053|03|28|794
231. 5524092200052416|12|28|608
232. 358403011063918|04|31|0891
233. 4143980424264243|05|26|408
234. 4693080255005858|09|28|003
235. 4142380812005301|06|29|028
236. 4382890001466766|06|2026|999
237. 4000223197854979|09|28|336
238. 4017954143090018|04|2026|423
239. 4557016300613275|12|2029|185
240. 356969615703036|02|32|0463
241. 4340762013093642|05|2028|582
242. 4610460316587930|05|29|655
243. 4610460324129683|12|29|599
244. 4585819999329913|07|27|142
245. 5488093806501909|08|26|982
246. 5424327076103963|04|28|881
247. 4519922148047005|05|2027|636
248. 4000224557949268|09|2035|621
249. 4585814955078430|07|28|474
250. 5261200090154146|11|28|513
251. 5510290083769520|03|2026|829
252. 5100358777886243|04|26|635
253. 5597581039254237|08|26|377
254. 4147202537426676|04|27|257
255. 356651870279577|04|31|0540
256. 4937280061530448|02|2027|381
257. 4889506072513645|07|2030|540
258. 356651870904562|12|27|0563
259. 4693080245953928|10|2029|634
260. 4147097572125294|02|26|940
261. 5373895210574803|03|27|310
262. 4141700003850465|02|26|707
263. 4232232022688791|04|2027|589
264. 5226862901035444|03|27|092
265. 4258815261177549|06|2029|293
266. 5154620020972764|10|2029|252
267. 4340762012984114|05|2028|250
268. 4097580791547281|07|30|659
269. 4100390616592347|09|26|118
270. 4147202541857692|05|2027|588
271. 4029886033446718|02|2026|454
272. 4599858294298872|12|26|470
273. 4447962372190714|09|26|411
274. 357300004622331|04|30|0998
275. 5166402711005352|03|30|4209
276. 4585140015683062|11|28|336
277. 356580670016030|05|30|2288
278. 5132831077814943|04|27|796
279. 4640182112951441|09|27|442
280. 5489010392179139|06|2026|422
281. 6011002834118796|11|2026|566
282. 5155540015964718|02|29|375
283. 4030150713249331|01|32|462
284. 5346163731388615|02|2029|306
285. 4297690203898541|05|27|774
286. 4540310571712019|05|26|919
287. 4147098203955919|05|27|029
288. 5429350464901231|01|2028|026
289. 5402433067826566|08|28|861
290. 5143773784931833|06|2029|666
291. 4169941337449221|09|27|624
292. 4000220753396296|03|2029|522
293. 5115160967427009|10|2026|527
294. 4693080247646884|09|26|950
295. 5178059088663878|04|27|738
296. 5321363784537030|09|28|571
297. 4055984963689048|10|26|099
298. 4293132619771172|10|26|569
299. 5578118560266828|05|28|841
300. 4852464670099232|08|28|610
301. 356657592452434|09|30|0185
302. 4792643483280005|04|32|140
303. 5143773717882103|05|28|254
304. 5333174455243162|11|30|369
305. 5568628200707116|06|2027|515
306. 4744784515914481|08|30|002
307. 4133310411823490|12|2026|817
308. 4663490008909296|12|26|608
309. 5598880392817237|06|2035|445
310. 4519912180104525|06|2027|369
311. 4940197101617727|02|29|638
312. 5563501088751735|06|27|534
313. 5211769965597432|02|2026|541
314. 4693080250187784|10|27|467
315. 4833120148298327|11|29|387
316. 4207038821607762|04|26|376
317. 4283322085346102|02|26|480
318. 5115161617293684|10|2027|777
319. 5192696010249102|02|28|695
320. 356969615703036|08|30|0850
321. 5170930000886078|10|26|938
322. 4962150262425607|10|27|577
323. 4118103511587001|04|32|599
324. 4340762012940314|05|2028|366
325. 4152779415059317|08|28|140
326. 356480000227177|04|37|0301
327. 4628880201216040|12|29|111
328. 4833130074813908|12|30|578
329. 5207110063912254|01|30|484
330. 5310751714722438|06|28|611
331. 356580370127368|12|30|6132
332. 356651870204567|10|29|0511
333. 5402565001468235|09|29|502
334. 4029886000955022|02|2026|178
335. 4833160293929375|08|29|133
336. 4693080257079919|03|28|390
337. 5211769965597432|02|26|541
338. 5154620021194574|11|2029|018
339. 4748381236803261|07|27|167
340. 4147202553372341|07|27|757
341. 356342000099685|07|33|0396
342. 5523021641157741|04|27|469
343. 5517690013483691|06|26|916
344. 5239100004476362|03|27|728
345. 357300004620335|01|28|9056
346. 4358807931288649|01|2030|323
347. 5565843451120728|03|26|582
348. 4557018435855847|08|2028|622
349. 4262905100824940|06|28|046
350. 4693080246885970|11|2026|762
351. 5579083019680459|11|26|364
352. 4080020109423429|02|26|623
353. 4833160297428838|07|29|800
354. 4829202539031362|06|28|860
355. 4340762016081693|07|2028|435
356. 4220456339144859|05|2026|297
357. 5402565000548011|02|26|462
358. 4465390090901914|04|27|715
359. 5374100201521791|05|29|811
360. 358403003965781|04|28|0032
361. 4828120040888347|02|29|829
362. 5472310077020114|07|29|196
363. 5466042022089153|09|26|673
364. 356989000056741|10|35|0759
365. 4893080040101101|02|26|632
366. 5143773550339732|09|27|515
367. 5313473813841731|03|28|068
368. 5436643127006153|07|27|147
369. 4524192011841776|08|30|033
370. 5129925054224475|01|2027|784
371. 5359271600614690|06|26|499
372. 5326315504345537|02|26|430
373. 356458000450262|05|26|0144
374. 4133310411827293|12|2026|817
375. 4665428805306900|02|26|836
376. 356651870904760|10|26|0964
377. 4628880200870912|01|27|963
378. 4557011896818446|05|2027|869
379. 356480000624753|06|35|8103
380. 4514860004167720|01|31|287
381. 5113403086972915|04|2027|921
382. 5441189720979423|04|27|459
383. 4364486400300185|07|28|976
384. 356969615731235|10|30|0399
385. 4865608640797946|08|2027|441
386. 5332662838426737|09|28|403
387. 4185506005819144|12|27|437
388. 4340762013233743|05|2028|162
389. 5626185006863528|08|26|764
390. 4155682003851292|07|28|426
391. 4815830042990157|12|2029|777
392. 4009937053114001|10|29|368
393. 4585828730053989|08|26|576
394. 4934522028677900|10|27|746
395. 4215849103031889|02|2032|570
396. 4345591368167189|01|31|858
397. 4585824000497881|07|29|796
398. 5598880054951753|05|2030|995
399. 4539669013611888|07|27|013
400. 4312590091697958|10|28|247
401. 5143773426361274|11|26|494
402. 4833160286476285|09|34|503
403. 5336864616682137|11|28|810
404. 4391370024145191|02|32|543
405. 4173299539507302|08|27|160
406. 4546185602724124|02|35|757
407. 4108810212167717|03|27|934
408. 5148841677602442|11|27|686
409. 4622391103883891|10|26|780
410. 5400370844237737|01|27|016
411. 356772120000033|12|39|0594
412. 4177490160449262|11|28|916
413. 4358807360133795|01|29|737
414. 4599540157729272|03|29|227
415. 4079930088340621|11|2028|901
416. 4217834063643897|10|27|065
417. 6225767543462097|01|33|884
418. 5143773594305392|09|26|229
419. 356969615838048|05|30|5151
420. 358403003562786|01|30|0206
421. 5254750138235884|01|28|031
422. 4417703800955096|05|26|187
423. 4485920070683888|03|27|134
424. 5154620012227649|12|2029|550
425. 5568628200701069|06|2027|973
426. 4642096875128203|09|28|349
427. 4100400128348573|10|26|578
428. 4133310411821254|12|2026|817
429. 4079930058542636|05|2028|833
430. 4502200040036601|05|26|029
431. 5668381340007828|02|27|616
432. 4403935110456730|12|2027|496
433. 4033060064583625|11|2030|346
434. 4737028047677656|03|27|101
435. 4037661612602118|07|2028|437
436. 4266902072261538|03|26|885
437. 4553580273068100|02|26|077
438. 5143773402125222|05|27|924
439. 4404540466042198|11|27|295
440. 5510290095522008|03|27|015
441. 4100390684393412|03|26|512
442. 5521159004511781|06|29|866
443. 5154620020903678|05|2033|952
444. 5178059795856088|10|28|880
445. 5143773406577683|09|28|617
446. 4133310411821916|12|2026|817
447. 4032658882566200|02|26|423
448. 5143773594305392|09|2026|229
449. 4339674099093359|06|29|079
450. 4585819996645691|09|27|399
451. 5598880392834174|02|2029|923
452. 4868332080500861|04|26|617
453. 5120150855845142|07|27|483
454. 5563240970098083|04|26|821
455. 4980750349911590|10|26|706
456. 5730731764142028|03|28|686
