Telegram Scanner Results
========================================

Source: ⏤͟͟͞͞ 𝐅𝐑𝐎𝐗𝐓 CC DROP
Total results: 456
Timestamp: 2026-03-12 20:04:46

----------------------------------------

1. 5239380068326113|03|26|837
2. 356969615838048|05|30|5151
3. 4055984963689048|10|26|099
4. 4133310411821254|12|2026|817
5. 5598880064218375|02|2029|240
6. 4325580004088499|04|2026|534
7. 4693080496413515|01|27|630
8. 4585140015683062|11|28|336
9. 4829202539031362|06|28|860
10. 4546185602724124|02|35|757
11. 5226862901035444|03|27|092
12. 4837133510014335|05|26|405
13. 4663490008909296|12|26|608
14. 5100358777886243|04|26|635
15. 4337478028350548|10|28|059
16. 5489010306418755|04|27|300
17. 4032658882566200|02|26|423
18. 4143980424264243|05|26|408
19. 4152779535882523|07|28|215
20. 4358807931288649|01|2030|323
21. 356796000511058|02|26|0711
22. 4154644401406922|05|2030|859
23. 5129925054224475|01|2027|784
24. 4693080257079919|03|28|390
25. 4693080257056602|06|28|983
26. 5336864616682137|11|28|810
27. 4557015874266239|10|2028|168
28. 5218873000180924|04|26|686
29. 4154644402490958|02|2030|227
30. 357300004620335|01|28|9056
31. 4220360093327371|06|2029|226
32. 356969615703036|08|30|0850
33. 4833120148298327|11|29|387
34. 4693080255005858|09|28|003
35. 356969615731235|10|30|0399
36. 4173299539507302|08|27|160
37. 4792643483280005|04|32|140
38. 356772120000033|08|34|4287
39. 5598880054951753|05|2030|995
40. 4553580273068100|02|26|077
41. 5313643818757831|02|27|142
42. 5539060099122189|10|2029|821
43. 356772120000033|12|39|0594
44. 5154620012221766|12|2029|444
45. 4154644408624071|09|2026|639
46. 356777311674306|09|26|0473
47. 4079930058542636|05|2028|833
48. 5489010392179139|06|2026|422
49. 4340762013233743|05|2028|162
50. 5239100004476362|03|27|728
51. 4693080247646884|09|26|950
52. 4108810212167717|03|27|934
53. 5598880392834174|02|2029|923
54. 5491862029646955|02|30|513
55. 5379920082310104|11|28|007
56. 5370850001198505|08|29|535
57. 4391370024145191|02|32|543
58. 4217836059830511|09|27|254
59. 4865210198523301|09|2027|303
60. 4833130074813908|12|30|578
61. 5143773594305392|09|2026|229
62. 356657592452434|09|30|0185
63. 4000222856965951|06|40|345
64. 4533042209645589|09|26|170
65. 356350010069374|10|27|2609
66. 4312590091697958|10|28|247
67. 5113320199790713|06|28|012
68. 4100400105452158|08|2026|654
69. 4340762012984114|05|2028|250
70. 4364486400300185|07|28|976
71. 356480000227177|04|37|0301
72. 5322480167288830|02|26|162
73. 4046011203656579|08|26|664
74. 5675781487006528|05|27|288
75. 4340762013351909|05|2028|744
76. 5521159004803543|11|2026|356
77. 4358802731094214|08|28|558
78. 4033060064583625|11|2030|346
79. 4340762013093642|05|2028|582
80. 5192696010249102|02|28|695
81. 5332480595608383|10|27|469
82. 356458000409367|06|26|0587
83. 4152313741422625|02|26|987
84. 4737031027080321|10|27|220
85. 4585812180095104|02|26|400
86. 5143773550339732|09|27|515
87. 4118103511587001|04|32|599
88. 5359271600614690|06|26|499
89. 4147202778544419|02|2030|683
90. 4642096875128203|09|28|349
91. 4667261377169200|04|28|321
92. 4232232022688791|04|2027|589
93. 4734523685241222|08|27|682
94. 5156769615843084|05|27|750
95. 5287575039263342|06|2026|929
96. 4610460324129683|12|29|599
97. 356458000266742|05|28|0738
98. 4154644404638877|09|2026|182
99. 4037661612602118|07|2028|437
100. 5466042022089153|09|26|673
101. 4037840083027019|07|2027|375
102. 4220456339144859|05|2026|297
103. 4207670325480518|02|2030|002
104. 356458000450262|05|26|0144
105. 4207670304152336|02|2029|300
106. 4640182112951441|09|27|442
107. 4340762013166133|05|2028|805
108. 4259585002558369|02|26|036
109. 4838896761177428|04|26|590
110. 5402565000584412|02|26|345
111. 357300003690321|08|39|0277
112. 5255222300095743|01|29|018
113. 5488093806501909|08|26|982
114. 5417551000805935|08|2028|652
115. 5645204415167228|03|27|423
116. 356796000511454|02|32|0739
117. 5219774825270180|10|2029|733
118. 5189410060577163|04|27|789
119. 4465390090901914|04|27|715
120. 5583158780158135|08|28|563
121. 5563501088751735|06|27|534
122. 4154644402556212|06|2030|909
123. 4311788023605146|06|2026|502
124. 5524092200052416|12|28|608
125. 5568628200701069|06|2027|973
126. 4133310411821916|12|2026|817
127. 4029886043260000|02|26|706
128. 356580370127368|12|30|6132
129. 5538046423042228|04|26|208
130. 4665428805306900|02|26|836
131. 4147098203955919|05|27|029
132. 4585814955078430|07|28|474
133. 4447962683457794|10|26|352
134. 4693080247443449|08|26|020
135. 5441189720979423|04|27|459
136. 4185506005819144|12|27|437
137. 356651870279577|04|31|0540
138. 5148875057687201|09|30|270
139. 4693080250645468|02|27|447
140. 356772120700723|11|31|1501
141. 5552742461785535|07|26|460
142. 356458000328740|06|26|0576
143. 5175466410319462|08|38|417
144. 4339674099093359|06|29|079
145. 4404540466042198|11|27|295
146. 4758330010073085|05|26|427
147. 4693080408333413|07|28|362
148. 5568628200706878|06|2027|652
149. 4889506072513645|07|2030|540
150. 4297690203898541|05|27|774
151. 5143773717882103|05|28|254
152. 5391574003025459|03|26|917
153. 356480000674758|02|35|0048
154. 4002712000809640|03|26|697
155. 4079930088340621|11|2028|901
156. 4693080407930342|02|30|799
157. 4133310411825750|12|2026|817
158. 4017954143090018|04|2026|423
159. 4039958803267885|01|2029|639
160. 4133310411822427|12|2026|817
161. 4622391103883891|10|26|780
162. 356480000624753|06|35|8103
163. 356989000475800|07|28|0284
164. 4514860004167720|01|31|287
165. 5332480120716883|07|28|472
166. 5113320249726758|05|30|588
167. 4142380812005301|06|29|028
168. 4833160293929375|08|29|133
169. 356342000099685|07|33|0396
170. 4106297894439725|12|29|915
171. 5333174455243162|11|30|369
172. 5337158018860030|02|26|745
173. 5103810018701661|03|27|588
174. 5321363784537030|09|28|571
175. 4100390684393412|03|26|512
176. 5578118560266828|05|28|841
177. 4215849103031889|02|2032|570
178. 5143773594305392|09|26|229
179. 356651870204765|09|26|0856
180. 4100390593599448|02|26|985
181. 4745813915732653|02|29|220
182. 5170930000886078|10|26|938
183. 5154620021194574|11|2029|018
184. 5148841677602442|11|27|686
185. 4427322542668822|12|29|674
186. 5120150855845142|07|27|483
187. 5279525744787135|01|2028|246
188. 5521154005975887|11|28|319
189. 358403003562786|01|30|0206
190. 356969615703853|09|29|0697
191. 4340762016081693|07|2028|435
192. 357300004622331|04|30|0998
193. 356580670016030|05|30|2288
194. 5110980015056319|12|26|791
195. 4185867631478725|11|2026|387
196. 4585828730053989|08|26|576
197. 358403011063918|04|31|0891
198. 4133310411827293|12|2026|817
199. 4133310411824639|12|2026|817
200. 4120311168648614|06|31|915
201. 5472310077020114|07|29|196
202. 4029886000955022|02|2026|178
203. 5222222802666868|12|27|107
204. 4557018435855847|08|2028|622
205. 4907341000284186|11|26|165
206. 4117754004411371|03|26|454
207. 5351773705115943|09|27|471
208. 4868332080500861|04|26|617
209. 5524090000795655|10|28|538
210. 5521159004511781|06|29|866
211. 5313473813841731|03|28|068
212. 5402433067826566|08|28|861
213. 5563240970098083|04|26|821
214. 4693080246885970|11|2026|762
215. 4029886033446718|02|2026|454
216. 379186150007458|09|26|9451
217. 4000223038203907|02|28|376
218. 5326315504345537|02|26|430
219. 5620222523848728|11|27|827
220. 5115161617293684|10|2027|777
221. 5546285545147735|07|27|587
222. 4097581389122347|04|2032|070
223. 4147400325195806|11|2026|234
224. 5211769965597432|02|2026|541
225. 4079930100902556|10|2028|564
226. 5114026320670042|03|27|138
227. 5373895210574803|03|27|310
228. 356989000449946|08|27|0945
229. 4000222131664353|07|28|389
230. 4029879849679523|04|27|424
231. 4266902072261538|03|26|885
232. 4266841733562910|09|27|164
233. 5579083019680459|11|26|364
234. 4340762012940314|05|2028|366
235. 4000223197854979|09|28|336
236. 5443478848978963|07|2030|140
237. 5211769965597432|02|26|541
238. 4737028047677656|03|27|101
239. 5154620057273243|05|2030|322
240. 5598880392817237|06|2035|445
241. 5596273145972529|07|2027|805
242. 5374100201521791|05|29|811
243. 4322071002796344|12|29|543
244. 4217834063643897|10|27|065
245. 4154644400661204|03|2030|887
246. 5279525744787135|01|28|246
247. 4557011896818446|05|2027|869
248. 4488487100029653|07|2026|270
249. 5402565000548011|02|26|462
250. 4570665015033105|08|26|157
251. 4186464321593127|04|28|516
252. 4263708196340204|06|26|966
253. 5400419007550053|03|28|794
254. 4266841804040655|06|30|000
255. 4029886033912537|02|2026|405
256. 4147202553372341|07|27|757
257. 4215849300268219|02|2040|920
258. 379186330725946|10|2028|5100
259. 4934522028677900|10|27|746
260. 4815830042990157|12|2029|777
261. 5412889007817783|05|28|463
262. 5113320388966702|02|28|045
263. 5220940269966552|09|2029|270
264. 5115160967427009|10|2026|527
265. 4893080040101101|02|26|632
266. 6225767543462097|01|33|884
267. 5510290095522008|03|27|015
268. 4133310411823359|12|2026|817
269. 4599540157729272|03|29|227
270. 376749204921009|10|27|5319
271. 5597581039254237|08|26|377
272. 5332662838426737|09|28|403
273. 4293132619771172|10|26|569
274. 5166402711005352|03|30|4209
275. 4444888811932809|10|30|049
276. 4693080250187784|10|27|467
277. 5154620022555369|12|31|945
278. 4155682003851292|07|28|426
279. 4100400128348573|10|26|578
280. 4524192011841776|08|30|033
281. 4867460000608950|02|26|100
282. 6011002834118796|11|2026|566
283. 4502200040036601|05|26|029
284. 4266851011643456|07|29|138
285. 5598880316024597|11|2030|476
286. 5391720032401100|03|28|961
287. 5143773830335260|08|27|610
288. 4744751256790750|06|2029|104
289. 4628880201216040|12|29|111
290. 4342562498170883|04|28|542
291. 4155682202286241|01|28|228
292. 4417704016491694|09|26|904
293. 5429350464901231|01|2028|026
294. 4189530109305533|03|26|412
295. 5668381340007828|02|27|616
296. 5207110063912254|01|30|484
297. 4163787217438123|03|29|162
298. 4147097572125294|02|26|940
299. 5680485478463028|02|28|257
300. 4020870031112570|11|2028|679
301. 5424327076103963|04|28|881
302. 4748381236803261|07|27|167
303. 4585824000497881|07|29|796
304. 4141700003850465|02|26|707
305. 5517690013483691|06|26|916
306. 4417703800955096|05|26|187
307. 4100390616592347|09|26|118
308. 4155682201286267|02|28|743
309. 4585819999329913|07|27|142
310. 5218071147789984|05|2026|442
311. 4382890003805003|01|28|423
312. 356651870204567|10|29|0511
313. 356969615703259|01|41|2041
314. 4611260061047273|02|27|539
315. 4262905100824940|06|28|046
316. 5156769448282724|10|2029|434
317. 4833160286476285|09|34|503
318. 356580378127196|05|31|0830
319. 5132831077814943|04|27|796
320. 4677851515798007|02|26|378
321. 4937280061530448|02|2027|381
322. 4940197101617727|02|29|638
323. 5154620012227649|12|2029|550
324. 4100390106147958|02|26|812
325. 4535060280195249|03|40|164
326. 5465948099214360|04|2028|877
327. 4693327000008442|03|28|583
328. 4585819996645691|09|27|399
329. 4340762013181447|05|2028|493
330. 4693080245953928|10|2029|634
331. 4000220753396296|03|2029|522
332. 356651870904562|12|27|0563
333. 5523021641157741|04|27|469
334. 4133310411823490|12|2026|817
335. 356350010089067|09|27|0356
336. 4147202537426676|04|27|257
337. 356651870974565|02|26|8991
338. 5565843451120728|03|26|582
339. 5626185006863528|08|26|764
340. 5521154008946117|12|27|315
341. 4097580791547281|07|30|659
342. 5155490065829066|04|28|681
343. 356969615703036|02|32|0463
344. 5310751714722438|06|28|611
345. 4030150713249331|01|32|462
346. 4342579005955929|07|27|4147
347. 4980750349911590|10|26|706
348. 5178059795856088|10|28|880
349. 4745812616736849|10|29|4745
350. 4962150262425607|10|27|577
351. 5436643127006153|07|27|147
352. 4828120040888347|02|29|829
353. 5143773402125222|05|27|924
354. 356969615713076|01|28|0426
355. 356772122000023|12|30|0723
356. 5154620020903678|05|2033|952
357. 4039056301979125|07|27|419
358. 4748381002336793|05|2028|570
359. 4833160247035394|04|2027|275
360. 4744784515914481|08|30|002
361. 4133310411825719|12|2026|817
362. 5155540015964718|02|29|375
363. 5261200090154146|11|28|513
364. 4009937053114001|10|29|368
365. 356772120000025|10|31|0715
366. 5521159003213959|03|29|563
367. 5178059521159633|05|28|032
368. 5291728988478874|10|27|488
369. 356989000056741|10|35|0759
370. 5143773426361274|11|26|494
371. 4239100007842886|08|26|507
372. 4677851518006093|05|28|281
373. 4693080249482502|06|26|315
374. 5489010313025635|09|27|346
375. 4610460316587930|05|29|655
376. 4169941337449221|09|27|624
377. 4693080253377283|11|27|710
378. 4100390612753406|09|28|244
379. 4837133510014335|05|2026|405
380. 4258815261177549|06|2029|293
381. 4345591368161703|01|31|896
382. 5510290083769520|03|2026|829
383. 4451430093718703|08|26|310
384. 4003905396303256|01|31|898
385. 4283322085346102|02|26|480
386. 5154620020017339|12|2026|339
387. 5333116820410430|01|28|874
388. 5556025646501035|08|27|025
389. 5402565001468235|09|29|502
390. 4705438222386775|08|26|828
391. 5541618242461428|09|26|477
392. 5143773479926205|01|27|777
393. 4540310571712019|05|26|919
394. 4596811712842865|06|2030|644
395. 4000224557949268|09|2035|621
396. 4833160297428838|07|29|800
397. 4852464887826047|04|2029|284
398. 5254750138235884|01|28|031
399. 5568628200707116|06|2027|515
400. 4447962372190714|09|26|411
401. 5331870064828846|01|2027|779
402. 5166480201386680|08|26|981
403. 4207038821607762|04|26|376
404. 4519922148047005|05|2027|636
405. 5143773713459138|04|27|929
406. 4382890001466766|06|2026|999
407. 5400370844237737|01|27|016
408. 4358807360133795|01|29|737
409. 4080020109423429|02|26|623
410. 4177490160449262|11|28|916
411. 6011000328034123|05|2026|690
412. 5368717535485837|06|27|615
413. 4337478078200577|12|27|369
414. 4345591368167189|01|31|858
415. 5113403086972915|04|2027|921
416. 358403003965781|04|28|0032
417. 4147202541857692|05|2027|588
418. 4833160297422997|07|29|893
419. 4365010000010678|03|29|311
420. 356651870904760|10|26|0964
421. 4557016300613275|12|2029|185
422. 5730731764142028|03|28|686
423. 356342000499695|12|27|0104
424. 4865608640797946|08|2027|441
425. 5156767911638059|07|27|478
426. 5143773406577683|09|28|617
427. 5253030008967523|10|26|395
428. 4403935110456730|12|2027|496
429. 5346163731388615|02|2029|306
430. 5253623999559794|04|2034|277
431. 5102344484404536|02|26|846
432. 5239620013607426|01|29|806
433. 5143773784931833|06|2029|666
434. 4121383118495288|03|27|272
435. 4513360001678861|03|30|540
436. 4485920070683888|03|27|134
437. 5465948099214360|04|28|877
438. 4447962688216575|08|28|830
439. 4599858294298872|12|26|470
440. 5375728950438467|11|29|543
441. 5178059088663878|04|27|738
442. 4297690097848487|11|28|105
443. 4628880200870912|01|27|963
444. 5154620027603107|10|2030|649
445. 4220360033973359|03|2028|082
446. 4388540098368532|12|28|132
447. 5154620020972764|10|2029|252
448. 4748380903754740|06|2026|957
449. 4519912180104525|06|2027|369
450. 4152779415059317|08|28|140
451. 5143773384308796|08|26|298
452. 4133310411828721|12|2026|817
453. 4539669013611888|07|27|013
454. 358403012124412|06|27|0229
455. 4852464670099232|08|28|610
456. 5265346502297902|12|26|412
